1 3 3.5
2 3 4.5
3 3 4.0
4 5 4.5
5 3 4.5
6 3 4.5
7 4 4.5
8 4 4.5
9 3 4.5
10 3 4.5
11 3 3.5
12 3 4.0
13 4 4.0
14 3 3.5
15 3 4.0
16 5 5.0
17 4 4.5
18 5 4.5
19 3 4.0
20 2 2.5
21 3 4.5
22 4 4.0
23 4 4.5
24 4 0.0
25 2 4.0
26 3 4.5
27 2 4.0
28 2 4.0
29 4 4.5
30 4 4.5
31 4 5.0
32 4 4.0
33 4 4.5
34 4 4.5
35 5 4.5
36 4 4.5
37 4 4.5
38 4 4.5
39 3 4.0
40 3 4.5
41 2 3.0
42 3 4.0
43 4 4.5
44 3 3.5
45 2 2.5
46 3 4.0
47 3 3.0
48 4 3.5
49 3 3.5
50 3 3.0
51 4 4.0
52 4 4.5
53 4 4.0
54 4 4.5
55 4 4.5
56 4 4.5
57 4 4.0
58 4 4.5
59 4 4.5
60 4 4.0
61 4 4.5
62 5 4.0
63 4 4.5
64 4 4.5
65 4 4.0
66 4 4.5
67 4 4.5
68 4 4.5
69 4 4.0
70 4 4.5
71 4 4.0
72 5 4.5
73 3 4.5
74 4 4.5
75 3 4.5
76 2 4.0
77 3 4.0
78 2 3.0
79 2 2.5
80 3 3.5
81 2 3.5
82 3 4.5
83 3 4.0
84 0 3.5
85 3 5.0
86 3 4.0
87 4 4.5
88 3 3.0
89 3 4.5
90 2 3.0
91 3 3.5
92 0 4.0
93 3 4.0
94 3 4.5
95 2 3.5
96 2 3.5
97 2 3.5
98 2 2.5
99 3 4.0
100 2 3.0
101 2 2.0
102 4 4.5
103 5 5.0
104 2 4.0
105 3 4.5
106 4 4.0
107 3 4.0
108 4 3.5
109 2 3.5
110 4 4.5
111 3 4.0
112 2 4.0
113 4 4.5
114 2 4.0
115 3 3.5
116 3 4.5
117 3 5.0
118 3 4.5
119 2 4.0
120 3 4.5
121 3 5.0
122 3 3.5
123 2 3.5
124 0 4.0
125 0 3.5
126 4 4.0
127 3 4.0
128 3 4.0
129 3 3.5
130 2 3.0
131 2 4.0
132 3 3.5
133 3 4.5
134 2 3.5
135 3 3.5
136 3 4.0
137 4 4.5
138 4 4.0
139 4 4.0
140 3 4.5
141 4 4.5
142 3 4.0
143 4 4.0
144 4 4.5
145 3 4.0
146 3 4.0
147 5 4.0
148 4 4.0
149 4 4.0
150 4 3.5
151 5 4.5
152 4 4.5
153 2 3.5
154 5 5.0
155 5 5.0
156 5 5.0
157 4 4.0
158 5 4.5
159 5 4.5
160 4 4.0
161 4 4.0
162 4 4.5
163 3 4.0
164 3 3.5
165 5 4.5
166 4 4.0
167 3 4.5
168 2 4.0
169 3 4.5
170 2 3.5
171 3 4.5
172 4 4.5
173 2 3.5
174 3 3.5
175 3 3.5
176 3 4.0
177 3 3.5
178 4 4.5
179 0 4.5
180 2 3.5
181 2 4.0
182 4 4.5
183 4 4.0
184 3 3.5
185 3 4.5
186 3 4.0
187 0 4.5
188 2 3.5
189 3 4.0
190 3 4.0
191 2 3.5
192 0 4.5
193 0 0.0
194 2 4.0
195 2 4.0
196 2 4.0
197 3 5.0
198 4 4.0
199 4 4.0
200 4 4.0
201 4 3.5
202 0 4.0
203 2 3.5
204 0 3.5
205 2 2.0
206 0 4.0
207 3 4.0
208 0 4.0
209 2 2.5
210 2 2.0
211 3 4.0
212 2 3.0
213 0 4.5
214 3 4.0
215 3 4.0
216 4 3.5
217 3 4.5
218 0 3.5
219 2 3.5
220 3 0.0
221 2 3.5
222 3 4.0
223 2 3.5
224 2 3.0
225 3 3.5
226 2 2.5
227 0 3.5
228 4 4.0
229 4 4.0
230 4 4.0
231 4 4.0
232 4 4.0
233 4 4.5
234 4 4.0
235 5 4.5
236 4 4.0
237 4 4.0
238 3 4.0
239 2 3.0
240 3 3.5
241 3 4.0
242 3 4.0
243 2 3.0
244 2 4.0
245 2 3.5
246 0 4.5
247 3 3.5
248 2 4.0
249 3 4.0
250 2 4.0
251 3 4.0
252 3 3.5
253 2 2.5
254 2 3.0
255 2 3.0
256 2 3.5
257 2 3.5
258 2 3.5
259 3 4.5
260 3 5.0
261 2 3.5
262 2 3.0
263 3 4.0
264 3 4.0
265 2 2.5
266 2 3.5
267 3 3.5
268 3 3.5
269 4 5.0
270 3 4.0
271 3 4.0
272 2 4.5
273 3 4.0
274 3 3.5
275 3 4.5
276 3 4.0
277 3 4.0
278 2 3.5
279 3 3.5
280 4 3.5
281 4 4.0
282 5 4.5
283 3 3.0
284 5 4.5
285 4 4.5
286 4 4.5
287 3 3.5
288 3 4.0
289 4 4.5
290 3 4.0
291 3 3.5
292 3 3.5
293 3 3.5
294 4 4.5
295 3 3.0
296 3 3.5
297 3 4.0
298 3 3.5
299 3 4.5
300 3 4.0
301 4 4.5
302 4 4.0
303 3 3.5
304 3 3.5
305 3 4.0
306 3 3.5
307 0 4.5
308 3 4.0
309 3 4.0
310 2 3.5
311 4 4.0
312 3 4.5
313 3 3.5
314 2 3.5
315 2 4.0
316 2 3.5
317 3 4.5
318 2 3.5
319 3 4.0
320 2 3.0
321 4 4.0
322 2 3.0
323 3 4.0
324 3 3.0
325 3 4.5
326 3 3.0
327 2 3.5
328 3 4.0
329 3 3.5
330 3 3.5
331 4 3.5
332 3 4.0
333 2 4.5
334 3 4.0
335 3 4.0
336 2 4.0
337 0 4.0
338 2 4.5
339 4 4.5
340 2 3.5
341 0 4.0
342 3 5.0
343 0 4.0
344 0 4.0
345 2 3.5
346 3 3.5
347 2 4.5
348 4 4.0
349 0 4.0
350 3 3.0
351 3 3.0
352 4 4.5
353 3 3.5
354 2 4.0
355 2 3.0
356 4 4.5
357 4 3.5
358 3 4.0
359 3 4.0
360 5 4.0
361 5 4.0
362 3 3.5
363 3 4.0
364 3 4.5
365 4 5.0
366 3 5.0
367 4 3.5
368 4 4.0
369 3 3.0
370 3 3.0
371 3 3.0
372 2 3.0
373 3 4.5
374 3 4.5
375 3 4.0
376 2 4.0
377 2 2.5
378 2 4.0
379 3 3.5
380 2 3.0
381 2 3.5
382 2 4.0
383 2 3.0
384 2 3.5
385 3 3.0
386 3 3.5
387 4 4.5
388 3 4.0
389 2 4.0
390 5 4.5
391 3 3.5
392 3 2.5
393 3 0.0
394 5 4.0
395 2 3.0
396 3 3.5
397 3 2.5
398 3 4.0
399 2 3.5
400 3 3.0
401 2 3.0
402 2 2.0
403 3 4.0
404 3 3.0
405 2 4.0
406 2 3.5
407 3 3.5
408 3 4.0
409 3 4.0
410 3 4.0
411 2 3.0
412 3 4.0
413 3 4.5
414 2 2.0
415 4 4.5
416 2 3.5
417 3 3.5
418 4 4.5
419 3 4.0
420 3 4.0
421 3 3.5
422 4 4.0
423 2 4.5
424 5 4.5
425 4 4.0
426 4 4.5
427 2 4.5
428 5 4.5
429 3 4.0
430 2 4.0
431 3 3.0
432 3 4.0
433 2 3.0
434 2 3.0
435 2 2.5
436 2 3.0
437 1 2.5
438 4 4.0
439 3 3.5
440 5 4.5
441 5 4.5
442 5 4.5
443 5 4.5
444 3 3.0
445 2 3.5
446 3 3.5
447 2 4.5
448 3 4.5
449 2 3.5
450 2 3.5
451 3 4.0
452 5 4.5
453 5 5.0
454 5 4.5
455 5 4.5
456 5 4.5
457 5 4.5
458 5 4.5
459 5 4.5
460 3 4.0
461 2 4.0
462 2 3.5
463 3 4.5
464 3 4.0
465 3 4.5
466 2 3.5
467 3 4.0
468 2 3.5
469 2 4.0
470 3 4.0
471 3 4.5
472 3 4.0
473 3 4.0
474 3 4.5
475 3 4.0
476 3 4.0
477 3 4.5
478 3 4.0
479 2 3.5
480 2 4.0
481 3 4.5
482 2 3.5
483 3 4.0
484 3 4.5
485 3 4.0
486 4 4.5
487 3 4.0
488 2 3.5
489 2 3.5
490 3 4.0
491 4 4.0
492 3 4.0
493 3 4.0
494 2 4.0
495 3 4.0
496 4 4.0
497 3 4.0
498 4 4.0
499 4 4.5
500 3 4.5
501 4 4.5
502 4 4.5
503 3 4.0
504 4 4.5
505 3 4.5
506 4 4.5
507 4 4.5
508 3 4.0
509 4 4.5
510 3 4.5
511 4 4.5
512 4 4.5
513 2 4.5
514 3 4.0
515 2 4.0
516 3 4.0
517 4 4.0
518 2 2.5
519 0 4.0
520 3 3.5
521 4 4.0
522 3 4.5
523 2 3.5
524 3 4.0
525 4 4.0
526 0 4.5
527 3 2.5
528 4 4.0
529 3 4.5
530 2 3.0
531 4 4.0
532 4 4.5
533 3 4.0
534 3 4.0
535 4 4.5
536 4 4.5
537 4 4.5
538 3 3.5
539 4 5.0
540 5 4.5
541 4 4.5
542 4 4.0
543 5 4.0
544 5 4.0
545 4 4.0
546 2 3.0
547 2 3.5
548 3 3.5
549 4 4.0
550 3 4.5
551 3 3.0
552 4 4.0
553 2 4.5
554 3 4.0
555 3 4.5
556 2 3.5
557 3 4.0
558 3 4.5
559 3 4.0
560 3 3.5
561 4 4.0
562 5 4.5
563 4 4.5
564 4 4.5
565 3 3.5
566 4 4.0
567 4 4.5
568 4 4.5
569 4 4.0
570 4 4.0
571 4 4.0
572 4 4.5
573 4 4.5
574 4 4.0
575 3 4.5
576 4 4.5
577 4 4.5
578 4 4.5
579 4 4.5
580 2 3.0
581 2 4.5
582 4 4.5
583 2 2.5
584 3 4.0
585 3 3.5
586 3 4.0
587 3 4.5
588 3 4.0
589 4 4.5
590 3 4.0
591 2 4.5
592 3 4.5
593 3 2.5
594 0 3.0
595 3 4.5
596 2 3.5
597 3 4.5
598 4 4.0
599 3 3.5
600 4 4.5
601 3 3.5
602 4 4.0
603 3 5.0
604 4 4.5
605 2 3.5
606 3 4.0
607 4 4.5
608 3 5.0
609 3 4.5
610 2 3.5
611 2 4.0
612 0 5.0
613 3 4.5
614 2 0.0
615 3 3.5
616 3 4.0
617 2 3.0
618 2 4.0
619 2 3.5
620 0 3.5
621 2 3.5
622 0 3.5
623 3 3.5
624 4 4.0
625 3 4.0
626 2 3.0
627 2 4.0
628 2 3.0
629 3 4.0
630 3 3.5
631 3 4.5
632 3 3.5
633 4 4.5
634 3 3.0
635 2 4.0
636 3 3.5
637 3 4.5
638 4 4.5
639 4 4.0
640 4 4.0
641 4 4.5
642 4 4.5
643 2 3.0
644 4 4.5
645 4 4.5
646 3 4.5
647 4 4.5
648 5 4.5
649 3 4.0
650 2 4.0
651 3 3.5
652 3 4.5
653 3 4.5
654 4 4.5
655 4 4.5
656 4 4.0
657 4 4.0
658 4 4.0
659 5 4.0
660 4 4.0
661 4 4.5
662 5 4.5
663 4 4.5
664 4 4.5
665 4 3.5
666 3 4.5
667 4 4.5
668 3 4.5
669 3 0.0
670 3 4.0
671 4 1.0
672 4 4.0
673 3 3.0
674 4 4.0
675 4 3.5
676 4 4.5
677 4 4.0
678 0 4.5
679 5 4.5
680 4 4.5
681 4 4.0
682 2 3.5
683 2 2.5
684 0 4.5
685 2 2.5
686 3 3.5
687 4 3.5
688 3 3.0
689 2 3.5
690 2 3.5
691 3 4.5
692 3 4.0
693 4 5.0
694 3 4.5
695 3 4.5
696 3 4.5
697 0 4.5
698 3 4.0
699 2 3.0
700 2 2.5
701 3 4.0
702 4 4.0
703 4 4.5
704 4 5.0
705 4 4.5
706 4 4.5
707 2 3.5
708 4 3.0
709 2 3.0
710 2 2.5
711 2 2.5
712 2 3.0
713 3 3.5
714 3 4.5
715 4 4.5
716 5 4.5
717 5 4.5
718 5 4.5
719 5 4.5
720 5 4.5
721 5 4.5
722 5 4.5
723 5 4.5
724 5 4.5
725 5 4.5
726 4 4.0
727 4 4.5
728 4 4.5
729 3 4.5
730 3 4.5
731 4 4.5
732 4 4.5
733 4 4.5
734 2 3.5
735 3 4.0
736 3 4.5
737 5 4.0
738 4 4.0
739 5 4.5
740 4 3.0
741 5 5.0
742 5 4.0
743 5 4.5
744 5 4.5
745 4 3.5
746 4 4.0
747 4 3.5
748 3 3.5
749 2 3.5
750 4 4.0
751 4 4.5
752 2 3.5
753 4 4.5
754 4 4.5
755 4 4.5
756 4 4.5
757 4 4.5
758 4 4.0
759 3 4.0
760 0 4.5
761 3 5.0
762 3 3.0
763 3 4.5
764 2 3.0
765 4 4.0
766 3 4.0
767 2 3.5
768 2 3.5
769 2 3.0
770 3 4.5
771 3 3.5
772 2 2.0
773 2 4.0
774 2 3.0
775 2 3.0
776 2 4.0
777 3 4.0
778 3 4.5
779 2 4.5
780 4 4.0
781 4 4.0
782 3 2.0
783 3 4.5
784 3 4.5
785 3 4.0
786 4 4.0
787 4 4.0
788 2 3.0
789 3 4.5
790 3 4.5
791 3 4.0
792 2 2.5
793 3 3.5
794 3 4.0
795 2 4.0
796 3 4.5
797 0 4.0
798 2 4.0
799 3 4.5
800 3 4.0
801 3 4.5
802 2 3.5
803 2 3.5
804 2 4.0
805 2 4.0
806 2 3.0
807 4 4.0
808 4 4.5
809 3 4.0
810 4 4.5
811 3 4.5
812 3 3.5
813 3 4.5
814 5 5.0
815 4 4.5
816 3 4.5
817 3 4.0
818 2 3.5
819 4 4.5
820 3 4.0
821 3 3.5
822 3 3.0
823 2 4.0
824 3 4.5
825 3 4.0
826 2 3.0
827 3 4.5
828 2 4.5
829 0 0.0
830 3 3.5
831 3 4.0
832 3 4.5
833 2 3.0
834 3 4.0
835 3 4.5
836 3 4.0
837 3 4.0
838 3 4.5
839 3 4.5
840 3 4.0
841 2 3.5
842 3 4.0
843 2 0.0
844 2 3.5
845 2 3.0
846 5 4.5
847 5 4.5
848 4 4.0
849 3 4.0
850 2 4.0
851 4 4.5
852 4 4.5
853 5 4.5
854 5 4.5
855 5 4.0
856 5 5.0
857 5 4.5
858 5 4.5
859 5 4.5
860 5 4.0
861 0 4.0
862 2 3.5
863 3 4.5
864 2 3.0
865 4 4.5
866 4 4.5
867 3 4.5
868 3 4.0
869 3 4.5
870 3 4.0
871 4 4.0
872 3 3.5
873 2 3.5
874 4 3.5
875 2 3.5
876 4 4.0
877 4 4.0
878 3 3.5
879 4 4.0
880 4 4.0
881 4 4.5
882 4 4.0
883 3 4.0
884 3 4.5
885 2 4.5
886 3 5.0
887 0 4.5
888 2 2.5
889 3 4.0
890 3 3.5
891 3 4.0
892 3 4.5
893 3 4.0
894 3 3.0
895 3 4.0
896 2 4.0
897 3 4.5
898 4 4.0
899 2 4.5
900 3 4.5
901 2 3.5
902 4 4.5
903 2 4.0
904 2 3.5
905 4 3.5
906 3 4.5
907 3 4.5
908 3 4.0
909 3 4.5
910 4 4.5
911 2 5.0
912 3 4.5
913 2 4.5
914 2 3.5
915 3 4.0
916 3 4.5
917 2 3.5
918 4 4.0
919 2 4.0
920 3 4.5
921 3 4.5
922 3 4.5
923 3 4.5
924 3 4.0
925 4 4.5
926 3 4.0
927 3 4.0
928 3 4.5
929 2 4.0
930 2 4.0
931 4 4.5
932 4 4.0
933 3 3.0
934 3 4.0
935 3 4.0
936 4 4.0
937 4 4.0
938 4 4.5
939 3 4.0
940 4 4.5
941 4 4.0
942 4 4.0
943 4 3.5
944 4 4.0
945 3 4.0
946 5 4.5
947 4 4.0
948 3 3.5
949 4 4.0
950 4 4.5
951 4 4.0
952 4 4.0
953 2 3.0
954 3 3.5
955 3 3.5
956 5 4.5
957 4 4.0
958 4 4.0
959 4 4.5
960 4 4.5
961 3 4.5
962 4 4.5
963 3 4.5
964 3 4.5
965 2 3.0
966 3 4.5
967 3 5.0
968 4 4.0
969 3 3.5
970 3 4.5
971 3 3.5
972 2 3.5
973 3 4.0
974 4 4.5
975 4 3.5
976 3 3.0
977 4 4.0
978 2 4.0
979 4 4.0
980 0 4.0
981 2 3.0
982 3 3.0
983 2 4.5
984 2 4.0
985 3 4.0
986 3 3.5
987 2 3.5
988 3 4.0
989 3 3.0
990 3 3.5
991 3 4.5
992 3 0.0
993 4 4.0
994 4 4.5
995 4 4.5
996 4 3.0
997 4 4.5
998 4 4.0
999 4 4.0
1000 4 3.5
1001 4 4.5
1002 3 4.5
1003 4 4.5
1004 4 4.0
1005 3 4.5
1006 3 4.0
1007 4 4.5
1008 4 4.0
1009 4 4.0
1010 4 4.5
1011 2 2.5
1012 2 3.5
1013 2 3.0
1014 2 2.0
1015 2 2.5
1016 2 3.5
1017 2 3.0
1018 4 3.5
1019 5 4.0
1020 4 3.5
1021 4 3.5
1022 5 0.0
1023 4 4.0
1024 5 4.0
1025 4 4.0
1026 4 4.0
1027 4 4.0
1028 4 4.0
1029 4 4.0
1030 2 3.5
1031 3 4.0
1032 4 4.5
1033 4 4.5
1034 4 4.5
1035 4 4.0
1036 4 4.0
1037 0 3.5
1038 4 4.5
1039 4 4.0
1040 3 4.0
1041 2 2.5
1042 3 4.0
1043 5 4.0
1044 0 3.5
1045 4 4.0
1046 2 3.5
1047 3 4.0
1048 2 3.5
1049 4 4.5
1050 2 4.0
1051 3 3.5
1052 4 4.0
1053 5 4.0
1054 4 0.0
1055 1 1.5
1056 4 4.5
1057 3 3.5
1058 3 4.0
1059 2 3.5
1060 3 4.0
1061 3 4.5
1062 3 4.0
1063 3 3.5
1064 3 4.0
1065 3 4.0
1066 3 4.0
1067 3 4.0
1068 3 4.0
1069 4 4.0
1070 3 4.5
1071 4 4.0
1072 2 3.5
1073 3 4.5
1074 4 3.5
1075 4 4.0
1076 4 4.0
1077 4 4.5
1078 4 4.0
1079 4 4.0
1080 2 3.0
1081 4 4.0
1082 3 4.5
1083 3 4.0
1084 3 3.5
1085 3 3.5
1086 2 3.0
1087 3 3.5
1088 2 3.5
1089 3 3.0
1090 3 4.0
1091 2 3.5
1092 4 3.5
1093 2 4.0
1094 4 4.5
1095 3 4.0
1096 0 3.5
1097 2 4.5
1098 3 5.0
1099 0 4.5
1100 3 3.5
1101 3 4.5
1102 2 3.5
1103 2 4.0
1104 2 3.5
1105 3 5.0
1106 2 4.0
1107 3 3.5
1108 2 5.0
1109 4 4.5
1110 3 4.0
1111 3 4.0
1112 3 3.5
1113 3 4.5
1114 0 4.0
1115 4 4.5
1116 5 4.5
1117 4 4.5
1118 4 4.5
1119 4 4.5
1120 4 4.0
1121 2 4.5
1122 3 4.0
1123 3 4.5
1124 3 4.5
1125 3 3.5
1126 4 4.5
1127 2 0.0
1128 0 4.0
1129 0 4.0
1130 0 0.0
1131 3 4.0
1132 5 4.5
1133 5 5.0
1134 3 4.5
1135 4 4.5
1136 2 2.0
1137 2 2.0
1138 2 2.5
1139 2 2.5
1140 2 2.5
1141 3 4.5
1142 3 3.5
1143 2 3.0
1144 3 3.5
1145 2 4.0
1146 3 4.5
1147 2 3.5
1148 4 4.5
1149 3 3.5
1150 4 2.5
1151 5 4.5
1152 5 4.5
1153 4 4.0
1154 4 4.5
1155 4 4.5
1156 4 4.5
1157 4 4.5
1158 4 4.0
1159 4 4.0
1160 4 4.0
1161 4 4.5
1162 5 5.0
1163 4 4.0
1164 4 4.5
1165 3 4.5
1166 4 3.5
1167 3 4.0
1168 3 4.5
1169 5 5.0
1170 4 4.5
1171 4 4.5
1172 4 4.0
1173 3 4.0
1174 4 3.5
1175 4 4.5
1176 3 3.5
1177 3 3.5
1178 4 4.5
1179 4 4.0
1180 4 4.0
1181 4 4.5
1182 4 4.5
1183 3 4.0
1184 4 4.0
1185 3 4.5
1186 3 0.0
1187 2 2.5
1188 2 2.0
1189 3 3.5
1190 4 4.0
1191 3 4.0
1192 2 4.0
1193 3 3.5
1194 2 3.0
1195 4 4.5
1196 5 4.5
1197 4 4.5
1198 3 4.5
1199 4 4.0
1200 3 4.5
1201 4 4.5
1202 3 4.5
1203 3 4.5
1204 3 4.5
1205 3 4.5
1206 4 4.5
1207 3 4.0
1208 3 4.0
1209 4 4.5
1210 3 4.5
1211 2 4.5
1212 4 4.0
1213 3 3.5
1214 3 4.5
1215 2 3.0
1216 3 4.0
1217 3 4.5
1218 3 3.5
1219 3 4.0
1220 4 4.5
1221 3 4.0
1222 3 4.5
1223 4 4.0
1224 3 3.5
1225 4 4.5
1226 4 4.0
1227 3 4.5
1228 4 4.0
1229 3 4.0
1230 4 4.0
1231 4 4.0
1232 4 4.0
1233 4 4.0
1234 3 4.5
1235 4 4.0
1236 4 4.0
1237 4 4.5
1238 4 4.0
1239 3 4.0
1240 3 4.0
1241 4 3.5
1242 3 4.5
1243 3 4.5
1244 4 4.0
1245 3 4.0
1246 3 4.0
1247 2 3.5
1248 3 4.0
1249 3 4.0
1250 4 4.5
1251 5 5.0
1252 5 4.5
1253 4 4.0
1254 4 4.5
1255 4 4.5
1256 5 4.5
1257 4 4.5
1258 5 4.5
1259 4 4.0
1260 4 4.5
1261 4 4.5
1262 4 4.5
1263 3 4.0
1264 2 3.5
1265 4 4.0
1266 3 3.5
1267 3 3.0
1268 3 4.0
1269 2 4.5
1270 1 3.5
1271 2 3.5
1272 3 4.0
1273 3 4.0
1274 0 4.0
1275 2 3.5
1276 3 4.5
1277 4 4.5
1278 4 4.0
1279 5 4.5
1280 3 4.0
1281 3 4.0
1282 2 3.5
1283 4 4.5
1284 2 3.5
1285 4 4.5
1286 3 4.5
1287 3 4.5
1288 2 3.5
1289 4 4.5
1290 4 4.0
1291 4 4.0
1292 3 4.0
1293 3 3.5
1294 3 4.5
1295 3 4.0
1296 2 3.5
1297 4 4.0
1298 3 4.5
1299 2 3.5
1300 3 3.5
1301 3 4.5
1302 3 4.0
1303 3 3.5
1304 2 2.5
1305 0 4.5
1306 2 3.0
1307 2 4.0
1308 2 3.0
1309 2 4.0
1310 2 4.0
1311 3 4.0
1312 0 4.5
1313 3 4.5
1314 3 4.5
1315 2 3.5
1316 3 3.5
1317 3 3.5
1318 4 4.0
1319 5 4.5
1320 4 4.5
1321 4 4.0
1322 3 4.0
1323 4 4.0
1324 4 4.0
1325 3 4.0
1326 2 4.0
1327 3 4.5
1328 2 4.0
1329 4 4.0
1330 3 4.0
1331 3 4.0
1332 2 2.5
1333 3 3.5
1334 3 3.5
1335 4 4.0
1336 4 3.0
1337 4 4.5
1338 4 4.0
1339 4 4.0
1340 4 4.0
1341 3 4.0
1342 3 4.0
1343 3 4.5
1344 3 3.5
1345 2 4.0
1346 4 4.5
1347 4 4.5
1348 3 4.0
1349 2 3.0
1350 3 4.0
1351 3 4.5
1352 2 3.0
1353 3 4.5
1354 4 4.0
1355 3 4.0
1356 4 4.0
1357 3 4.0
1358 3 4.5
1359 3 3.5
1360 2 3.5
1361 3 4.5
1362 0 3.5
1363 0 4.0
1364 2 3.5
1365 2 3.5
1366 2 4.5
1367 4 4.5
1368 3 4.5
1369 2 3.5
1370 4 5.0
1371 4 4.0
1372 4 4.0
1373 4 4.5
1374 3 4.0
1375 3 4.0
1376 4 4.5
1377 3 4.0
1378 2 3.5
1379 3 4.0
1380 2 4.0
1381 2 3.0
1382 3 3.5
1383 4 4.5
1384 3 3.5
1385 3 4.0
1386 3 3.5
1387 3 4.0
1388 3 3.0
1389 0 4.0
1390 3 4.0
1391 3 3.5
1392 4 4.0
1393 4 4.5
1394 3 4.0
1395 3 4.5
1396 2 3.5
1397 2 3.5
1398 3 4.5
1399 3 4.0
1400 3 4.5
1401 3 4.0
1402 3 4.0
1403 2 3.5
1404 2 2.0
1405 3 4.5
1406 4 4.0
1407 2 3.5
1408 2 3.0
1409 2 3.0
1410 3 4.5
1411 3 4.0
1412 2 3.5
1413 3 4.5
1414 3 4.5
1415 2 3.5
1416 2 3.5
1417 2 4.0
1418 2 4.0
1419 5 4.5
1420 3 4.0
1421 0 4.0
1422 0 4.5
1423 2 3.5
1424 2 3.0
1425 2 3.5
1426 3 4.5
1427 3 4.5
1428 3 4.5
1429 3 4.0
1430 2 4.5
1431 2 4.0
1432 2 3.5
1433 2 3.5
1434 3 4.5
1435 5 5.0
1436 5 5.0
1437 5 5.0
1438 5 4.5
1439 5 5.0
1440 5 5.0
1441 5 4.5
1442 5 4.0
1443 5 4.5
1444 5 4.0
1445 5 4.0
1446 5 5.0
1447 5 4.5
1448 0 4.5
1449 2 4.0
1450 2 4.0
1451 3 4.0
1452 3 4.0
1453 5 4.5
1454 4 4.5
1455 4 4.5
1456 3 4.5
1457 4 4.5
1458 3 4.0
1459 4 4.0
1460 3 4.0
1461 4 4.5
1462 3 3.5
1463 3 4.0
1464 4 4.5
1465 3 4.5
1466 4 4.0
1467 4 4.5
1468 4 5.0
1469 4 5.0
1470 5 4.5
1471 5 4.5
1472 5 5.0
1473 2 4.0
1474 3 3.5
1475 4 4.5
1476 4 4.5
1477 4 4.5
1478 4 4.5
1479 4 4.0
1480 4 4.5
1481 4 4.5
1482 4 4.0
1483 4 4.5
1484 4 4.0
1485 3 3.5
1486 2 3.5
1487 3 3.5
1488 3 4.0
1489 3 4.5
1490 3 3.5
1491 4 4.0
1492 4 4.0
1493 4 4.0
1494 4 4.0
1495 3 4.5
1496 3 3.5
1497 3 4.5
1498 4 4.0
1499 4 4.5
1500 4 4.0
1501 4 4.0
1502 4 4.0
1503 4 4.0
1504 3 4.5
1505 4 4.0
1506 3 4.5
1507 3 4.0
1508 2 4.0
1509 2 3.0
1510 3 4.5
1511 3 3.5
1512 3 4.0
1513 2 4.0
1514 3 4.5
1515 3 4.0
1516 4 4.0
1517 3 4.5
1518 4 4.0
1519 3 4.0
1520 4 4.0
1521 4 4.5
1522 3 4.5
1523 4 4.0
1524 3 5.0
1525 4 4.5
1526 3 4.5
1527 4 4.0
1528 4 4.5
1529 5 4.5
1530 4 4.5
1531 4 3.5
1532 4 4.5
1533 4 4.5
1534 4 4.0
1535 4 4.5
1536 4 3.5
1537 4 4.0
1538 4 4.5
1539 4 4.0
1540 4 4.5
1541 4 4.0
1542 4 4.0
1543 4 3.5
1544 4 4.5
1545 3 4.5
1546 2 3.5
1547 4 4.5
1548 3 4.0
1549 3 3.5
1550 3 4.5
1551 0 3.5
1552 0 4.0
1553 4 4.5
1554 4 4.5
1555 4 5.0
1556 4 4.0
1557 4 4.0
1558 3 3.0
1559 4 3.5
1560 4 4.0
1561 4 4.5
1562 5 4.5
1563 4 4.5
1564 3 4.0
1565 4 4.0
1566 4 4.5
1567 4 4.0
1568 4 4.0
1569 4 4.5
1570 4 3.5
1571 3 4.5
1572 4 3.5
1573 3 4.5
1574 4 4.5
1575 4 4.5
1576 4 4.5
1577 3 4.5
1578 3 4.5
1579 3 4.5
1580 3 4.0
1581 4 4.5
1582 4 4.5
1583 5 4.5
1584 4 4.5
1585 4 4.5
1586 4 4.0
1587 5 4.5
1588 2 3.5
1589 2 3.5
1590 2 3.5
1591 3 3.5
1592 4 4.5
1593 3 4.0
1594 3 4.0
1595 2 4.0
1596 3 4.5
1597 3 3.5
1598 2 3.0
1599 2 2.0
1600 3 4.0
1601 2 3.5
1602 3 4.0
1603 2 2.5
1604 2 4.0
1605 3 4.0
1606 4 4.0
1607 4 4.5
1608 4 4.0
1609 4 4.5
1610 5 4.5
1611 5 4.5
1612 4 4.5
1613 4 4.5
1614 4 4.5
1615 4 4.5
1616 4 4.5
1617 4 4.5
1618 5 4.5
1619 3 4.0
1620 2 3.5
1621 4 4.0
1622 2 4.0
1623 3 4.5
1624 3 4.5
1625 2 3.0
1626 2 3.5
1627 2 3.5
1628 2 3.0
1629 2 3.5
1630 4 4.0
1631 4 4.0
1632 4 4.5
1633 0 4.0
1634 2 4.0
1635 3 4.0
1636 2 4.0
1637 2 4.0
1638 2 3.5
1639 3 4.0
1640 2 3.0
1641 3 4.5
1642 5 4.5
1643 3 4.5
1644 3 4.5
1645 3 4.5
1646 5 4.5
1647 3 3.5
1648 3 4.0
1649 3 4.0
1650 4 4.5
1651 4 4.5
1652 5 5.0
1653 5 4.5
1654 3 4.5
1655 4 4.0
1656 3 4.5
1657 3 3.5
1658 4 4.5
1659 4 4.0
1660 4 4.5
1661 4 4.0
1662 3 4.0
1663 3 3.5
1664 3 3.5
1665 3 4.5
1666 4 4.0
1667 3 4.0
1668 3 4.0
1669 3 4.0
1670 3 3.5
1671 3 3.0
1672 3 3.0
1673 3 3.5
1674 3 3.5
1675 3 3.0
1676 3 4.0
1677 3 3.5
1678 2 3.0
1679 3 4.5
1680 3 3.5
1681 4 4.0
1682 3 3.5
1683 4 4.5
1684 3 3.0
1685 4 4.0
1686 4 4.0
1687 5 4.5
1688 4 4.0
1689 3 1.5
1690 3 4.0
1691 3 3.5
1692 3 3.5
1693 3 4.0
1694 4 3.5
1695 3 4.5
1696 3 4.5
1697 3 4.0
1698 4 4.5
1699 3 4.5
1700 5 4.0
1701 4 4.0
1702 0 3.5
1703 2 3.0
1704 3 4.5
1705 2 2.5
1706 2 3.5
1707 3 4.0
1708 4 4.0
1709 5 4.5
1710 4 3.5
1711 4 4.0
1712 3 4.5
1713 2 4.0
1714 3 3.5
1715 3 5.0
1716 3 4.5
1717 3 4.5
1718 4 4.0
1719 3 3.5
1720 2 2.5
1721 2 3.0
1722 2 2.5
1723 4 4.0
1724 3 4.0
1725 5 4.5
1726 3 4.0
1727 5 4.5
1728 4 4.5
1729 4 4.5
1730 4 4.0
1731 5 5.0
1732 4 4.0
1733 3 4.5
1734 2 0.0
1735 2 4.0
1736 3 4.5
1737 3 4.0
1738 3 4.5
1739 2 3.5
1740 3 5.0
1741 3 4.5
1742 2 3.5
1743 0 4.5
1744 2 3.5
1745 2 3.5
1746 3 3.5
1747 2 3.5
1748 3 5.0
1749 3 4.5
1750 4 4.5
1751 3 4.5
1752 4 4.5
1753 4 4.5
1754 2 3.5
1755 3 4.0
1756 4 3.5
1757 4 4.0
1758 4 4.0
1759 4 3.5
1760 4 4.0
1761 4 4.0
1762 5 3.5
1763 5 4.0
1764 5 0.0
1765 2 4.0
1766 5 3.5
1767 5 4.0
1768 5 4.0
1769 4 4.5
1770 5 4.5
1771 4 4.0
1772 4 4.5
1773 4 4.0
1774 4 4.0
1775 4 4.5
1776 3 4.5
1777 4 4.0
1778 5 4.0
1779 4 4.0
1780 3 4.0
1781 4 4.0
1782 3 3.0
1783 3 3.5
1784 4 3.5
1785 4 3.5
1786 4 4.5
1787 4 4.0
1788 4 4.0
1789 4 4.0
1790 5 4.5
1791 4 4.0
1792 3 5.0
1793 2 3.5
1794 3 4.0
1795 2 4.5
1796 3 4.5
1797 3 4.0
1798 3 4.5
1799 2 3.0
1800 3 4.5
1801 3 4.0
1802 3 4.5
1803 3 4.0
1804 2 4.5
1805 2 4.0
1806 4 4.0
1807 3 3.0
1808 2 4.0
1809 3 3.0
1810 3 4.0
1811 2 4.5
1812 3 4.0
1813 3 4.0
1814 3 4.5
1815 4 4.0
1816 3 4.0
1817 4 4.0
1818 3 4.0
1819 4 3.0
1820 4 3.5
1821 4 3.5
1822 4 3.5
1823 4 4.0
1824 3 3.5
1825 3 3.5
1826 4 3.5
1827 3 4.0
1828 3 4.5
1829 2 4.0
1830 3 4.5
1831 4 4.5
1832 3 4.5
1833 2 3.0
1834 3 4.5
1835 3 4.5
1836 2 2.5
1837 3 4.0
1838 2 3.5
1839 3 4.5
1840 4 2.0
1841 4 4.5
1842 4 3.5
1843 4 4.5
1844 5 4.5
1845 4 4.5
1846 4 4.0
1847 3 4.5
1848 4 5.0
1849 3 4.0
1850 3 4.5
1851 3 4.0
1852 4 4.5
1853 3 4.0
1854 4 4.0
1855 3 3.5
1856 3 4.5
1857 3 4.5
1858 3 3.0
1859 2 3.0
1860 2 3.5
1861 3 4.0
1862 3 4.0
1863 3 4.0
1864 3 3.5
1865 4 4.5
1866 4 4.0
1867 3 4.0
1868 4 3.5
1869 4 4.0
1870 4 4.0
1871 4 4.5
1872 2 3.5
1873 3 2.0
1874 4 3.5
1875 3 3.5
1876 3 3.5
1877 3 4.0
1878 3 4.0
1879 5 4.5
1880 4 4.0
1881 3 3.5
1882 5 4.5
1883 4 4.0
1884 3 4.5
1885 3 3.0
1886 3 3.0
1887 2 4.0
1888 2 3.5
1889 2 3.0
1890 2 3.5
1891 2 3.0
1892 3 4.0
1893 4 4.0
1894 3 4.0
1895 3 4.5
1896 3 4.5
1897 3 4.5
1898 3 4.5
1899 3 4.5
1900 4 4.0
1901 5 4.5
1902 4 4.0
1903 4 4.0
1904 5 4.5
1905 2 2.5
1906 4 5.0
1907 3 4.5
1908 3 3.0
1909 2 3.0
1910 2 4.0
1911 2 2.5
1912 2 3.0
1913 2 3.0
1914 2 3.0
1915 4 4.5
1916 3 4.0
1917 3 4.5
1918 4 4.5
1919 4 4.5
1920 4 4.5
1921 4 5.0
1922 4 4.5
1923 4 4.0
1924 4 4.5
1925 4 4.5
1926 3 4.5
1927 4 4.5
1928 3 4.0
1929 3 4.5
1930 3 3.0
1931 2 3.0
1932 3 4.5
1933 2 4.0
1934 2 4.5
1935 2 3.5
1936 3 4.5
1937 4 4.5
1938 2 3.5
1939 2 3.5
1940 3 2.5
1941 3 3.0
1942 3 4.0
1943 2 3.5
1944 2 3.0
1945 2 4.5
1946 3 0.0
1947 2 3.5
1948 2 4.5
1949 3 0.0
1950 4 4.0
1951 4 4.5
1952 4 4.5
1953 4 4.5
1954 4 4.0
1955 2 2.5
1956 4 4.0
1957 3 4.5
1958 5 4.0
1959 5 4.0
1960 3 4.0
1961 5 4.5
1962 5 4.5
1963 5 4.5
1964 5 4.5
1965 5 4.5
1966 5 4.5
1967 5 5.0
1968 5 4.5
1969 5 4.5
1970 5 4.5
1971 5 4.5
1972 5 4.5
1973 5 4.5
1974 3 4.5
1975 2 4.5
1976 0 4.0
1977 3 4.0
1978 2 3.5
1979 4 3.5
1980 3 4.5
1981 3 3.5
1982 2 4.0
1983 2 3.5
1984 3 3.5
1985 4 4.0
1986 2 4.5
1987 2 3.5
1988 5 4.5
1989 4 4.0
1990 2 3.5
1991 4 4.0
1992 2 2.5
1993 3 4.0
1994 2 4.0
1995 4 4.5
1996 4 4.0
1997 4 4.5
1998 2 4.0
1999 4 4.0
2000 4 4.5
2001 3 3.5
2002 0 4.0
2003 2 3.5
2004 4 4.5
2005 3 3.5
2006 2 0.0
2007 4 4.0
2008 4 4.0
2009 2 3.5
2010 3 3.5
2011 4 3.5
2012 4 4.5
2013 4 4.5
2014 4 4.5
2015 4 4.5
2016 4 4.5
2017 4 3.5
2018 3 3.5
2019 4 4.0
2020 3 3.0
2021 4 4.0
2022 4 2.5
2023 3 3.5
2024 4 3.5
2025 4 3.5
2026 5 4.0
2027 3 3.0
2028 4 3.5
2029 4 4.0
2030 3 3.0
2031 4 2.5
2032 3 3.0
2033 3 4.5
2034 3 4.5
2035 3 3.5
2036 4 4.0
2037 4 4.5
2038 3 4.5
2039 3 4.5
2040 3 3.5
2041 4 3.5
2042 4 4.0
2043 2 4.0
2044 3 4.0
2045 2 4.0
2046 3 3.5
2047 2 3.5
2048 2 3.5
2049 3 3.5
2050 2 3.0
2051 3 4.5
2052 3 4.0
2053 3 4.5
2054 3 3.0
2055 3 3.5
2056 2 3.5
2057 3 4.5
2058 3 4.5
2059 2 2.0
2060 4 4.5
2061 3 4.5
2062 4 4.0
2063 4 4.5
2064 4 3.5
2065 4 4.5
2066 3 4.5
2067 4 4.5
2068 3 4.0
2069 4 4.5
2070 4 4.5
2071 4 4.5
2072 3 3.5
2073 3 4.0
2074 3 4.5
2075 4 4.5
2076 3 4.5
2077 3 4.0
2078 3 4.0
2079 4 4.5
2080 4 4.5
2081 5 5.0
2082 4 5.0
2083 5 5.0
2084 5 5.0
2085 4 4.5
2086 3 5.0
2087 3 4.5
2088 4 4.5
2089 4 4.5
2090 5 4.5
2091 5 5.0
2092 4 4.5
2093 5 4.5
2094 4 4.5
2095 2 3.0
2096 3 3.0
2097 2 3.0
2098 2 4.0
2099 4 4.0
2100 2 3.5
2101 3 3.5
2102 2 4.0
2103 0 3.0
2104 2 3.5
2105 3 3.0
2106 2 3.5
2107 3 4.0
2108 2 3.5
2109 2 4.5
2110 4 4.5
2111 3 4.5
2112 4 4.0
2113 4 5.0
2114 3 4.0
2115 4 4.5
2116 3 4.5
2117 4 4.0
2118 4 4.5
2119 3 4.0
2120 3 4.0
2121 4 4.0
2122 4 4.0
2123 3 3.5
2124 0 4.0
2125 3 4.0
2126 2 3.5
2127 3 4.5
2128 3 4.5
2129 2 3.5
2130 3 4.0
2131 0 4.0
2132 4 4.5
2133 3 0.0
2134 2 3.0
2135 0 4.0
2136 2 3.0
2137 2 3.5
2138 2 4.0
2139 2 4.0
2140 3 5.0
2141 3 4.5
2142 3 4.0
2143 3 5.0
2144 2 4.5
2145 4 4.5
2146 4 4.5
2147 0 4.5
2148 4 4.0
2149 4 4.5
2150 3 0.0
2151 3 3.5
2152 2 4.5
2153 4 4.5
2154 4 4.5
2155 4 4.0
2156 4 4.0
2157 5 4.0
2158 4 4.5
2159 3 3.5
2160 4 4.0
2161 4 4.0
2162 4 4.0
2163 4 4.5
2164 2 3.5
2165 3 3.5
2166 3 2.5
2167 3 4.0
2168 2 4.0
2169 3 4.0
2170 2 4.5
2171 2 4.0
2172 3 4.5
2173 4 4.5
2174 4 4.5
2175 3 4.5
2176 3 4.5
2177 4 4.5
2178 3 4.5
2179 3 4.0
2180 4 4.5
2181 4 4.0
2182 3 4.5
2183 2 3.5
2184 2 3.5
2185 2 3.5
2186 2 4.0
2187 2 3.0
2188 2 3.0
2189 2 3.5
2190 3 4.5
2191 2 3.5
2192 4 4.0
2193 4 4.5
2194 4 4.5
2195 4 4.5
2196 3 4.5
2197 4 4.5
2198 4 4.5
2199 2 3.5
2200 3 4.0
2201 4 4.5
2202 4 4.5
2203 4 4.5
2204 4 4.5
2205 4 3.5
2206 4 3.0
2207 4 4.0
2208 4 4.0
2209 3 3.5
2210 4 4.0
2211 4 3.5
2212 3 4.0
2213 4 4.0
2214 4 3.5
2215 3 4.0
2216 3 4.5
2217 2 3.0
2218 4 4.5
2219 2 3.0
2220 2 3.5
2221 3 3.5
2222 2 3.5
2223 3 3.5
2224 3 4.5
2225 3 5.0
2226 5 3.5
2227 5 3.5
2228 4 3.5
2229 4 4.0
2230 4 3.5
2231 4 4.5
2232 4 3.5
2233 4 4.5
2234 4 4.0
2235 4 4.0
2236 4 4.5
2237 4 4.5
2238 4 4.0
2239 4 4.0
2240 4 4.0
2241 4 4.0
2242 4 4.0
2243 4 4.5
2244 5 4.5
2245 4 4.5
2246 4 4.5
2247 4 4.5
2248 4 4.5
2249 5 4.5
2250 4 4.0
2251 5 4.0
2252 5 4.5
2253 5 4.5
2254 3 4.5
2255 0 4.0
2256 4 4.0
2257 4 4.5
2258 4 4.0
2259 5 4.5
2260 3 3.0
2261 4 4.0
2262 4 4.5
2263 2 4.0
2264 2 3.0
2265 2 3.5
2266 3 4.0
2267 3 3.5
2268 3 3.5
2269 2 3.5
2270 3 4.0
2271 3 4.5
2272 3 4.0
2273 0 4.0
2274 3 4.5
2275 2 4.0
2276 3 4.0
2277 2 4.0
2278 4 4.5
2279 2 3.5
2280 4 4.0
2281 3 3.5
2282 3 4.5
2283 3 4.0
2284 4 4.0
2285 5 4.0
2286 5 4.5
2287 5 4.5
2288 5 4.0
2289 2 3.5
2290 3 4.5
2291 4 4.0
2292 2 4.0
2293 4 4.0
2294 4 4.5
2295 4 4.0
2296 3 4.0
2297 3 4.0
2298 4 4.5
2299 4 4.5
2300 5 4.5
2301 3 4.0
2302 3 5.0
2303 3 5.0
2304 4 4.5
2305 5 4.5
2306 3 4.0
2307 4 4.0
2308 4 4.0
2309 5 4.5
2310 0 3.5
2311 5 4.0
2312 4 4.0
2313 4 4.5
2314 4 4.5
2315 4 4.5
2316 3 4.5
2317 4 4.0
2318 3 4.0
2319 3 4.5
2320 3 4.5
2321 3 4.0
2322 3 3.5
2323 2 4.0
2324 2 2.5
2325 3 4.5
2326 3 4.5
2327 2 3.5
2328 3 3.5
2329 3 4.0
2330 3 4.0
2331 4 4.5
2332 3 4.5
2333 3 3.5
2334 3 3.5
2335 3 4.0
2336 3 3.5
2337 3 3.5
2338 4 4.0
2339 4 4.0
2340 4 4.0
2341 4 3.5
2342 4 4.5
2343 3 4.0
2344 3 4.0
2345 4 3.5
2346 4 4.0
2347 2 2.5
2348 2 3.0
2349 3 4.0
2350 3 4.0
2351 2 4.0
2352 4 4.0
2353 4 4.0
2354 4 4.0
2355 2 4.0
2356 3 4.0
2357 3 4.0
2358 4 4.5
2359 5 4.0
2360 5 4.5
2361 4 4.5
2362 2 2.5
2363 3 4.5
2364 3 4.5
2365 4 4.0
2366 3 3.5
2367 2 3.0
2368 3 4.0
2369 2 3.5
2370 2 3.0
2371 3 4.5
2372 3 3.5
2373 3 3.5
2374 2 3.5
2375 4 4.5
2376 4 4.5
2377 4 4.5
2378 3 3.5
2379 2 4.0
2380 2 3.0
2381 3 4.0
2382 2 3.5
2383 3 4.0
2384 3 5.0
2385 2 2.5
2386 4 4.0
2387 4 4.5
2388 4 4.0
2389 4 4.0
2390 3 4.0
2391 4 4.0
2392 3 4.0
2393 3 4.0
2394 4 4.0
2395 4 4.0
2396 3 4.0
2397 2 4.0
2398 3 4.0
2399 3 4.5
2400 3 4.0
2401 3 4.5
2402 2 4.0
2403 3 3.0
2404 2 3.5
2405 3 4.5
2406 0 4.5
2407 2 3.0
2408 3 3.5
2409 3 4.0
2410 3 3.5
2411 3 3.0
2412 4 4.5
2413 2 3.5
2414 3 4.5
2415 2 4.5
2416 0 0.0
2417 0 4.0
2418 0 4.0
2419 3 4.5
2420 0 3.5
2421 2 3.5
2422 2 3.0
2423 3 4.5
2424 4 4.0
2425 3 3.5
2426 3 4.0
2427 4 4.5
2428 5 4.0
2429 4 4.5
2430 4 4.5
2431 5 4.5
2432 4 3.5
2433 5 4.5
2434 3 4.5
2435 3 4.5
2436 2 3.5
2437 4 4.0
2438 4 4.5
2439 3 4.5
2440 2 4.5
2441 4 4.5
2442 4 5.0
2443 3 3.0
2444 3 4.5
2445 3 3.5
2446 3 3.5
2447 4 4.5
2448 4 4.5
2449 4 4.0
2450 4 4.0
2451 3 4.5
2452 4 4.5
2453 4 4.5
2454 4 4.0
2455 3 4.0
2456 4 4.5
2457 2 3.0
2458 2 4.0
2459 2 3.5
2460 4 4.5
2461 2 3.5
2462 3 3.5
2463 3 4.5
2464 4 4.0
2465 3 3.0
2466 4 4.5
2467 3 4.0
2468 3 3.5
2469 3 4.0
2470 3 3.5
2471 3 3.5
2472 2 3.0
2473 3 4.0
2474 3 4.0
2475 2 3.5
2476 3 3.5
2477 3 5.0
2478 3 4.5
2479 3 3.5
2480 3 5.0
2481 3 4.5
2482 3 4.0
2483 3 4.5
2484 3 3.5
2485 3 5.0
2486 3 4.0
2487 2 3.5
2488 3 4.0
2489 3 3.5
2490 3 4.5
2491 4 4.5
2492 3 3.5
2493 4 5.0
2494 3 4.5
2495 3 4.0
2496 4 4.0
2497 4 4.5
2498 4 4.5
2499 3 4.0
2500 3 4.5
2501 3 4.5
2502 3 4.5
2503 3 3.5
2504 2 3.5
2505 2 3.5
2506 3 0.0
2507 2 4.0
2508 2 3.5
2509 3 4.0
2510 2 4.5
2511 3 4.0
2512 5 4.5
2513 5 4.0
2514 5 5.0
2515 5 5.0
2516 5 4.0
2517 5 4.5
2518 5 4.5
2519 4 4.5
2520 4 4.5
2521 4 4.0
2522 4 4.5
2523 4 4.5
2524 4 4.5
2525 4 4.0
2526 4 4.5
2527 5 4.5
2528 3 4.5
2529 3 4.5
2530 3 4.5
2531 4 4.5
2532 3 4.5
2533 4 4.0
2534 4 4.0
2535 4 4.5
2536 4 4.0
2537 2 3.0
2538 3 4.0
2539 3 4.0
2540 3 3.5
2541 3 3.0
2542 3 4.5
2543 3 4.0
2544 2 3.5
2545 3 3.5
2546 3 3.5
2547 0 4.0
2548 3 3.5
2549 2 3.5
2550 3 3.0
2551 2 3.5
2552 2 3.0
2553 3 4.0
2554 2 2.5
2555 2 3.5
2556 2 3.0
2557 2 4.0
2558 2 3.5
2559 3 4.5
2560 3 3.5
2561 3 5.0
2562 5 4.5
2563 5 5.0
2564 5 4.0
2565 5 4.0
2566 5 4.5
2567 3 4.5
2568 2 3.0
2569 2 3.0
2570 2 3.0
2571 4 4.5
2572 2 3.0
2573 3 4.0
2574 2 3.0
2575 2 4.0
2576 3 3.0
2577 2 3.5
2578 2 3.0
2579 3 3.5
2580 3 3.5
2581 3 4.5
2582 2 4.0
2583 3 3.5
2584 2 3.5
2585 4 4.0
2586 4 4.5
2587 3 3.5
2588 4 4.5
2589 4 4.5
2590 3 4.0
2591 3 3.5
2592 3 3.5
2593 3 4.5
2594 4 4.5
2595 4 4.5
2596 4 4.0
2597 3 4.0
2598 3 3.5
2599 2 3.5
2600 0 4.0
2601 3 3.0
2602 3 3.5
2603 4 4.5
2604 3 3.5
2605 4 3.5
2606 4 3.5
2607 4 4.0
2608 4 4.5
2609 4 4.0
2610 4 4.0
2611 5 4.5
2612 5 4.0
2613 5 4.0
2614 4 4.5
2615 4 4.5
2616 4 4.5
2617 5 4.0
2618 0 4.0
2619 0 4.5
2620 4 4.0
2621 3 4.5
2622 3 4.0
2623 0 3.5
2624 2 3.5
2625 2 4.0
2626 0 4.0
2627 3 3.5
2628 4 4.5
2629 3 4.0
2630 4 4.5
2631 4 4.0
2632 4 4.0
2633 3 4.0
2634 4 4.5
2635 3 3.5
2636 4 4.0
2637 3 4.0
2638 4 4.0
2639 4 4.5
2640 4 4.5
2641 4 4.5
2642 4 4.5
2643 4 4.0
2644 3 4.0
2645 4 4.0
2646 4 4.5
2647 3 4.5
2648 3 3.5
2649 4 4.0
2650 4 3.5
2651 5 4.5
2652 4 4.0
2653 5 4.5
2654 5 4.5
2655 2 4.0
2656 3 4.0
2657 3 4.0
2658 3 4.0
2659 2 4.0
2660 3 4.5
2661 4 3.5
2662 2 4.0
2663 3 4.0
2664 2 4.0
2665 4 4.5
2666 4 4.5
2667 3 3.5
2668 4 4.0
2669 3 3.5
2670 4 4.0
2671 3 4.0
2672 4 4.0
2673 3 3.5
2674 4 4.0
2675 3 4.0
2676 2 2.0
2677 2 4.5
2678 2 3.5
2679 3 4.5
2680 4 4.0
2681 4 4.0
2682 4 4.0
2683 3 4.5
2684 3 4.0
2685 4 4.0
2686 3 4.0
2687 4 4.5
2688 4 4.5
2689 2 3.5
2690 3 4.5
2691 3 3.5
2692 3 3.5
2693 3 4.5
2694 3 4.5
2695 4 4.5
2696 3 4.5
2697 2 4.5
2698 3 3.5
2699 3 4.0
2700 3 3.5
2701 4 3.5
2702 5 4.5
2703 3 3.5
2704 4 4.5
2705 3 4.5
2706 3 4.5
2707 3 4.0
2708 2 4.0
2709 2 3.5
2710 3 3.5
2711 2 3.0
2712 3 4.0
2713 2 3.5
2714 3 4.5
2715 3 4.5
2716 2 3.5
2717 3 4.0
2718 2 3.5
2719 2 3.5
2720 4 4.0
2721 5 4.5
2722 3 3.5
2723 5 4.5
2724 3 3.5
2725 4 4.5
2726 2 3.5
2727 2 3.5
2728 2 4.0
2729 3 4.5
2730 3 3.5
2731 4 4.5
2732 4 4.5
2733 3 4.5
2734 3 4.0
2735 4 4.0
2736 2 3.5
2737 3 3.5
2738 0 4.0
2739 2 3.5
2740 2 3.0
2741 3 4.0
2742 4 3.5
2743 4 4.0
2744 4 3.5
2745 4 4.0
2746 3 3.5
2747 4 4.0
2748 4 4.0
2749 3 4.5
2750 2 3.5
2751 3 4.0
2752 4 3.5
2753 4 3.5
2754 3 3.5
2755 3 4.0
2756 2 1.5
2757 3 4.0
2758 4 4.0
2759 4 4.0
2760 2 3.5
2761 3 4.5
2762 0 4.5
2763 3 4.5
2764 4 4.5
2765 0 4.5
2766 4 4.5
2767 3 3.0
2768 5 5.0
2769 2 3.5
2770 3 4.0
2771 4 4.5
2772 3 4.0
2773 2 4.5
2774 3 3.0
2775 2 3.5
2776 2 4.0
2777 2 3.0
2778 3 4.0
2779 3 4.0
2780 3 3.5
2781 3 4.0
2782 2 3.5
2783 3 4.0
2784 4 4.0
2785 3 0.0
2786 4 4.0
2787 3 4.0
2788 5 4.5
2789 3 3.5
2790 3 4.0
2791 3 4.5
2792 2 4.0
2793 4 4.0
2794 4 4.5
2795 4 4.5
2796 2 4.0
2797 2 4.0
2798 3 4.5
2799 3 3.5
2800 0 4.5
2801 4 4.5
2802 3 4.0
2803 4 3.5
2804 4 4.0
2805 4 4.0
2806 3 4.5
2807 3 4.0
2808 4 5.0
2809 4 4.5
2810 4 4.0
2811 4 4.5
2812 4 4.0
2813 2 3.5
2814 3 4.5
2815 4 4.0
2816 3 4.0
2817 3 3.5
2818 4 4.5
2819 4 4.0
2820 3 4.0
2821 4 4.0
2822 3 5.0
2823 3 4.0
2824 3 4.0
2825 3 4.0
2826 4 4.5
2827 2 3.5
2828 3 4.0
2829 4 4.0
2830 3 3.0
2831 2 3.0
2832 2 3.5
2833 3 3.0
2834 3 4.0
2835 2 4.0
2836 3 4.0
2837 4 4.5
2838 3 4.0
2839 2 4.0
2840 2 3.5
2841 3 4.5
2842 4 4.0
2843 2 4.0
2844 3 4.0
2845 0 4.5
2846 2 3.5
2847 2 4.0
2848 3 4.5
2849 3 4.0
2850 3 4.5
2851 2 4.5
2852 2 3.0
2853 4 4.5
2854 4 4.0
2855 2 4.0
2856 4 4.0
2857 3 4.5
2858 3 4.5
2859 2 3.0
2860 3 4.5
2861 4 4.0
2862 3 3.5
2863 3 4.0
2864 4 4.5
2865 4 4.5
2866 4 4.0
2867 4 4.0
2868 4 4.0
2869 2 3.5
2870 4 3.5
2871 4 4.0
2872 3 3.0
2873 3 4.0
2874 4 4.0
2875 3 4.0
2876 3 4.0
2877 3 3.5
2878 3 4.0
2879 2 3.0
2880 3 3.5
2881 4 4.0
2882 4 4.0
2883 4 4.5
2884 0 3.5
2885 0 3.5
2886 3 3.5
2887 3 4.5
2888 3 3.5
2889 3 4.5
2890 3 4.0
2891 2 3.5
2892 3 4.5
2893 3 4.5
2894 3 4.0
2895 0 3.5
2896 3 4.0
2897 2 3.0
2898 0 3.5
2899 3 4.5
2900 3 4.5
2901 3 4.0
2902 2 3.5
2903 3 4.5
2904 3 3.5
2905 2 3.0
2906 2 2.0
2907 3 3.5
2908 2 3.5
2909 1 2.0
2910 3 4.0
2911 2 4.0
2912 3 4.5
2913 3 4.0
2914 3 4.0
2915 4 4.0
2916 4 4.0
2917 4 4.0
2918 4 4.0
2919 4 4.5
2920 2 3.0
2921 4 4.0
2922 3 3.5
2923 2 3.5
2924 2 3.5
2925 4 4.0
2926 4 4.5
2927 3 4.0
2928 4 4.5
2929 3 3.5
2930 2 2.5
2931 2 3.0
2932 4 4.0
2933 2 2.5
2934 3 4.5
2935 3 3.5
2936 3 3.5
2937 3 4.0
2938 3 4.0
2939 3 4.5
2940 2 3.5
2941 3 4.0
2942 2 2.5
2943 5 5.0
2944 4 4.0
2945 4 4.5
2946 0 4.0
2947 3 4.0
2948 2 4.0
2949 3 4.5
2950 3 4.0
2951 2 2.5
2952 3 4.5
2953 0 4.0
2954 2 3.0
2955 2 3.0
2956 2 2.5
2957 3 4.5
2958 2 3.5
2959 0 4.5
2960 3 4.5
2961 2 3.0
2962 3 3.5
2963 4 4.5
2964 3 4.0
2965 4 4.5
2966 4 4.5
2967 4 4.0
2968 3 4.5
2969 3 4.0
2970 3 4.0
2971 3 4.5
2972 3 3.5
2973 2 3.5
2974 3 4.0
2975 3 4.5
2976 0 4.0
2977 3 3.0
2978 2 4.0
2979 3 0.0
2980 2 3.5
2981 2 3.5
2982 3 3.0
2983 0 4.5
2984 2 2.5
2985 2 4.0
2986 2 3.5
2987 3 4.5
2988 2 2.5
2989 3 4.5
2990 3 4.5
2991 3 4.0
2992 3 4.0
2993 2 1.5
2994 3 4.0
2995 2 3.5
2996 3 3.5
2997 2 4.0
2998 3 4.0
2999 3 4.5
3000 3 3.5
3001 2 3.0
3002 3 4.5
3003 4 3.5
3004 3 4.5
3005 3 4.0
3006 3 3.5
3007 2 4.0
3008 2 4.0
3009 3 4.0
3010 3 4.0
3011 2 4.5
3012 2 4.0
3013 3 4.5
3014 4 4.5
3015 3 4.5
3016 2 4.0
3017 3 4.5
3018 3 4.5
3019 4 4.0
3020 2 4.0
3021 3 3.5
3022 3 4.5
3023 2 3.0
3024 3 4.0
3025 4 4.5
3026 5 4.5
3027 3 4.0
3028 3 4.0
3029 2 3.0
3030 3 3.0
3031 2 4.0
3032 2 3.0
3033 4 4.0
3034 3 3.5
3035 2 3.5
3036 3 4.5
3037 2 3.0
3038 2 3.0
3039 2 3.5
3040 2 4.0
3041 2 4.0
3042 2 3.0
3043 4 4.5
3044 2 3.5
3045 3 3.5
3046 2 4.0
3047 4 4.0
3048 4 4.5
3049 3 4.0
3050 3 0.0
3051 3 4.5
3052 3 4.0
3053 0 4.0
3054 0 4.0
3055 2 3.5
3056 0 4.5
3057 0 4.0
3058 3 4.0
3059 0 5.0
3060 0 4.5
3061 4 4.0
3062 4 4.5
3063 4 2.5
3064 4 4.0
3065 3 5.0
3066 4 4.0
3067 4 4.0
3068 5 4.5
3069 2 2.5
3070 3 4.0
3071 3 3.5
3072 5 4.5
3073 4 4.5
3074 4 4.0
3075 4 4.5
3076 3 3.5
3077 3 4.5
3078 4 4.0
3079 3 4.0
3080 3 4.0
3081 2 4.0
3082 2 4.0
3083 3 2.5
3084 3 3.5
3085 3 5.0
3086 3 5.0
3087 2 3.0
3088 3 4.0
3089 3 4.0
3090 4 4.5
3091 4 4.5
3092 4 3.5
3093 5 2.5
3094 5 4.5
3095 4 3.0
3096 4 4.5
3097 4 4.5
3098 4 4.5
3099 3 4.0
3100 4 4.5
3101 4 4.5
3102 4 4.0
3103 5 4.5
3104 3 4.0
3105 5 4.5
3106 4 4.0
3107 2 3.0
3108 3 4.0
3109 2 3.0
3110 0 4.0
3111 3 4.5
3112 3 4.0
3113 3 4.5
3114 3 4.5
3115 0 4.5
3116 2 3.5
3117 3 4.5
3118 4 3.5
3119 4 3.5
3120 4 3.0
3121 4 3.0
3122 4 4.0
3123 3 4.0
3124 2 2.5
3125 3 4.0
3126 3 5.0
3127 4 5.0
3128 3 4.0
3129 2 4.0
3130 3 3.0
3131 4 4.5
3132 3 4.5
3133 3 3.5
3134 4 4.0
3135 0 4.5
3136 3 4.0
3137 0 4.5
3138 3 4.0
3139 4 4.5
3140 3 4.5
3141 2 4.5
3142 0 4.0
3143 3 4.5
3144 3 4.0
3145 4 4.0
3146 4 4.0
3147 4 4.5
3148 3 0.0
3149 4 4.5
3150 2 3.5
3151 3 4.0
3152 3 4.0
3153 4 4.5
3154 3 3.5
3155 2 3.5
3156 3 4.5
3157 3 4.5
3158 3 4.0
3159 3 4.5
3160 2 2.0
3161 2 4.0
3162 3 2.5
3163 4 4.5
3164 3 4.5
3165 2 3.5
3166 4 4.0
3167 4 4.0
3168 4 3.5
3169 4 4.0
3170 4 4.5
3171 3 4.5
3172 4 4.5
3173 3 4.5
3174 4 3.5
3175 4 4.0
3176 4 4.0
3177 5 4.5
3178 5 4.5
3179 4 4.0
3180 3 3.5
3181 3 4.5
3182 3 4.0
3183 4 4.0
3184 0 4.5
3185 3 4.5
3186 2 4.0
3187 2 3.5
3188 3 3.5
3189 5 0.0
3190 5 5.0
3191 5 4.5
3192 5 5.0
3193 5 4.0
3194 5 5.0
3195 3 3.5
3196 2 3.5
3197 3 4.0
3198 4 4.5
3199 2 3.5
3200 0 4.0
3201 2 3.0
3202 3 4.5
3203 0 4.5
3204 3 4.5
3205 3 4.0
3206 4 4.5
3207 4 4.0
3208 4 4.5
3209 4 4.5
3210 5 4.0
3211 2 3.5
3212 4 4.5
3213 5 5.0
3214 4 4.0
3215 4 4.0
3216 4 4.5
3217 5 4.5
3218 4 5.0
3219 3 3.5
3220 3 4.5
3221 4 4.5
3222 4 4.0
3223 3 4.0
3224 3 4.0
3225 3 4.0
3226 3 4.0
3227 4 4.0
3228 4 4.0
3229 3 4.5
3230 4 4.5
3231 4 4.0
3232 4 4.0
3233 4 4.5
3234 4 4.5
3235 4 4.5
3236 4 4.5
3237 5 4.5
3238 4 4.5
3239 3 4.0
3240 4 4.5
3241 4 4.0
3242 3 4.0
3243 4 4.5
3244 3 4.5
3245 3 4.0
3246 3 4.0
3247 2 4.0
3248 2 3.5
3249 2 3.0
3250 3 4.0
3251 2 4.5
3252 3 4.5
3253 2 4.0
3254 2 4.0
3255 3 4.0
3256 3 3.0
3257 3 4.0
3258 3 3.5
3259 3 4.0
3260 2 3.0
3261 3 3.5
3262 4 4.5
3263 3 4.0
3264 4 4.0
3265 4 4.0
3266 4 3.5
3267 3 4.5
3268 3 3.5
3269 3 4.0
3270 3 4.5
3271 2 3.5
3272 3 4.5
3273 4 4.5
3274 3 4.5
3275 3 4.5
3276 4 3.5
3277 3 4.5
3278 2 3.0
3279 2 3.5
3280 2 0.0
3281 3 4.5
3282 2 4.0
3283 2 3.5
3284 2 2.5
3285 3 3.5
3286 2 2.5
3287 2 3.0
3288 3 4.0
3289 3 4.0
3290 3 4.0
3291 3 0.0
3292 4 3.5
3293 4 4.5
3294 4 4.0
3295 4 4.5
3296 3 3.5
3297 4 4.5
3298 4 4.5
3299 4 4.5
3300 3 3.5
3301 4 4.5
3302 4 4.5
3303 3 4.5
3304 3 3.5
3305 3 3.5
3306 3 4.5
3307 3 4.0
3308 4 4.0
3309 2 3.5
3310 3 4.5
3311 2 3.5
3312 2 4.0
3313 3 3.5
3314 3 3.5
3315 3 4.0
3316 4 4.5
3317 3 3.5
3318 2 3.5
3319 2 3.5
3320 3 4.0
3321 2 3.5
3322 2 4.5
3323 2 2.5
3324 4 4.5
3325 4 4.5
3326 4 4.0
3327 4 4.0
3328 4 4.0
3329 4 4.5
3330 4 4.5
3331 3 3.5
3332 3 0.0
3333 3 0.0
3334 3 4.5
3335 3 0.0
3336 3 3.0
3337 3 4.5
3338 3 4.5
3339 2 4.5
3340 2 3.5
3341 2 4.0
3342 3 4.5
3343 3 4.0
3344 3 3.5
3345 3 4.0
3346 3 4.5
3347 2 3.5
3348 4 3.5
3349 2 4.0
3350 2 4.0
3351 4 4.0
3352 3 4.0
3353 4 0.0
3354 5 5.0
3355 4 4.5
3356 4 4.5
3357 4 4.0
3358 3 4.5
3359 4 4.5
3360 4 4.5
3361 4 4.5
3362 4 4.5
3363 4 4.0
3364 4 4.5
3365 3 4.0
3366 5 4.0
3367 4 4.5
3368 4 4.0
3369 4 4.5
3370 4 4.5
3371 4 4.5
3372 3 4.0
3373 3 4.0
3374 3 4.0
3375 4 0.0
3376 3 4.0
3377 4 4.5
3378 4 4.5
3379 4 3.5
3380 4 4.5
3381 4 4.5
3382 4 4.5
3383 5 4.5
3384 5 4.5
3385 5 4.5
3386 5 4.5
3387 4 4.5
3388 5 5.0
3389 5 5.0
3390 4 4.5
3391 5 4.5
3392 4 4.5
3393 4 4.0
3394 4 4.5
3395 4 4.5
3396 3 4.5
3397 4 4.0
3398 2 4.0
3399 3 4.0
3400 3 4.5
3401 3 4.5
3402 3 4.0
3403 3 4.5
3404 3 4.5
3405 3 4.5
3406 3 4.5
3407 3 4.5
3408 4 4.5
3409 4 4.0
3410 3 4.0
3411 3 4.0
3412 3 0.0
3413 3 3.5
3414 3 4.0
3415 3 0.0
3416 3 4.0
3417 3 4.0
3418 4 4.0
3419 3 4.0
3420 4 4.5
3421 3 4.0
3422 4 4.0
3423 3 4.5
3424 3 4.5
3425 4 4.0
3426 2 3.5
3427 3 4.0
3428 2 4.0
3429 0 4.5
3430 2 3.5
3431 0 4.0
3432 2 3.5
3433 2 4.0
3434 3 4.5
3435 2 3.5
3436 2 3.0
3437 3 4.5
3438 4 4.0
3439 0 4.5
3440 3 4.0
3441 3 4.5
3442 4 3.5
3443 4 4.5
3444 2 4.0
3445 2 4.0
3446 3 4.5
3447 3 4.5
3448 3 4.5
3449 3 4.5
3450 4 4.0
3451 2 3.5
3452 3 3.5
3453 4 3.5
3454 3 4.0
3455 3 4.0
3456 3 3.5
3457 3 3.5
3458 3 4.0
3459 3 3.5
3460 4 4.5
3461 3 4.5
3462 3 3.5
3463 4 4.0
3464 4 4.5
3465 3 4.0
3466 0 4.0
3467 2 3.0
3468 3 4.0
3469 0 4.5
3470 3 5.0
3471 2 3.5
3472 3 4.0
3473 3 4.5
3474 4 4.5
3475 3 3.5
3476 4 4.5
3477 4 4.5
3478 4 4.5
3479 0 3.5
3480 3 4.5
3481 3 4.0
3482 2 2.5
3483 3 4.5
3484 0 4.5
3485 4 0.0
3486 2 2.5
3487 3 4.5
3488 3 4.0
3489 3 4.5
3490 3 4.5
3491 3 4.5
3492 2 3.0
3493 2 3.5
3494 3 3.0
3495 2 2.0
3496 2 2.5
3497 2 2.5
3498 2 2.5
3499 2 3.0
3500 3 4.0
3501 4 4.0
3502 4 4.0
3503 4 4.0
3504 4 4.5
3505 4 4.5
3506 5 4.5
3507 5 5.0
3508 4 4.5
3509 5 4.0
3510 4 4.5
3511 4 4.5
3512 4 4.0
3513 4 3.5
3514 4 4.0
3515 4 4.0
3516 4 4.5
3517 4 4.5
3518 4 4.0
3519 4 4.5
3520 5 4.5
3521 4 4.0
3522 4 4.0
3523 4 4.5
3524 4 4.5
3525 4 4.5
3526 4 4.5
3527 2 4.0
3528 2 3.0
3529 2 4.0
3530 3 4.5
3531 4 4.5
3532 4 4.5
3533 4 4.0
3534 3 4.0
3535 2 3.5
3536 3 4.5
3537 3 4.5
3538 2 3.5
3539 3 4.5
3540 3 4.5
3541 4 4.5
3542 3 4.0
3543 3 4.0
3544 3 4.0
3545 2 3.5
3546 2 3.5
3547 2 3.0
3548 3 3.0
3549 4 4.5
3550 3 4.5
3551 3 4.5
3552 0 3.0
3553 5 4.5
3554 4 4.5
3555 4 4.5
3556 4 4.0
3557 4 4.5
3558 4 4.5
3559 4 4.0
3560 4 4.5
3561 4 4.0
3562 4 4.5
3563 4 4.5
3564 4 4.5
3565 4 4.5
3566 4 4.5
3567 5 4.5
3568 4 4.5
3569 4 4.5
3570 5 5.0
3571 4 3.0
3572 3 3.0
3573 3 2.0
3574 3 3.0
3575 4 4.5
3576 4 4.5
3577 4 4.5
3578 4 4.5
3579 4 4.0
3580 3 4.5
3581 0 4.0
3582 0 4.0
3583 0 3.5
3584 2 4.0
3585 3 4.5
3586 3 4.0
3587 3 4.5
3588 4 4.0
3589 3 4.5
3590 4 4.0
3591 3 3.5
3592 3 3.5
3593 4 4.5
3594 4 3.5
3595 3 4.5
3596 3 4.5
3597 3 3.5
3598 2 3.5
3599 3 4.0
3600 0 4.0
3601 3 4.5
3602 2 3.0
3603 3 4.0
3604 3 4.5
3605 2 4.0
3606 3 4.0
3607 4 4.5
3608 4 4.0
3609 4 4.0
3610 5 4.0
3611 5 5.0
3612 5 5.0
3613 5 5.0
3614 5 4.5
3615 5 5.0
3616 5 5.0
3617 5 5.0
3618 5 4.5
3619 5 4.5
3620 4 4.0
3621 4 3.5
3622 4 4.5
3623 3 4.0
3624 4 4.5
3625 4 4.0
3626 4 4.0
3627 4 5.0
3628 4 4.5
3629 3 4.5
3630 4 4.0
3631 3 4.5
3632 2 4.0
3633 4 4.5
3634 3 3.5
3635 2 2.5
3636 3 4.0
3637 3 4.0
3638 3 4.0
3639 3 4.5
3640 2 3.5
3641 4 4.5
3642 2 3.0
3643 2 4.0
3644 3 3.5
3645 3 3.5
3646 3 4.0
3647 3 4.0
3648 4 4.5
3649 4 4.0
3650 4 4.5
3651 4 4.5
3652 4 4.0
3653 3 4.5
3654 4 4.5
3655 4 4.0
3656 3 4.5
3657 3 4.5
3658 3 4.0
3659 4 4.5
3660 3 4.0
3661 2 2.5
3662 3 4.5
3663 2 4.0
3664 2 4.0
3665 3 4.0
3666 4 4.0
3667 4 4.5
3668 3 4.0
3669 4 4.5
3670 3 3.5
3671 4 3.0
3672 4 3.5
3673 5 4.0
3674 3 3.5
3675 3 4.0
3676 2 3.0
3677 3 3.5
3678 3 3.5
3679 3 4.0
3680 3 4.0
3681 3 4.0
3682 3 3.5
3683 3 3.5
3684 4 4.5
3685 2 3.5
3686 3 4.0
3687 4 4.5
3688 3 4.5
3689 4 4.0
3690 4 4.5
3691 2 3.0
3692 2 2.5
3693 3 4.0
3694 5 0.0
3695 5 4.0
3696 3 0.0
3697 5 4.5
3698 5 4.5
3699 4 4.5
3700 4 3.5
3701 3 4.0
3702 3 4.0
3703 4 4.0
3704 4 4.0
3705 2 3.0
3706 2 3.0
3707 2 3.0
3708 2 0.0
3709 2 0.0
3710 4 4.0
3711 3 3.5
3712 3 4.5
3713 2 3.5
3714 3 4.0
3715 4 4.5
3716 3 4.0
3717 0 4.0
3718 2 3.5
3719 2 3.0
3720 3 4.0
3721 3 3.5
3722 3 4.0
3723 4 4.5
3724 3 3.5
3725 3 4.0
3726 3 4.5
3727 2 3.5
3728 3 4.0
3729 3 3.5
3730 2 4.0
3731 2 3.5
3732 2 4.0
3733 3 4.0
3734 3 4.0
3735 3 3.5
3736 4 4.0
3737 4 4.5
3738 3 4.0
3739 4 4.0
3740 3 4.5
3741 4 3.0
3742 3 4.5
3743 3 4.5
3744 4 4.0
3745 4 4.5
3746 4 4.0
3747 4 3.5
3748 4 3.5
3749 4 4.0
3750 2 4.0
3751 4 4.0
3752 0 4.5
3753 2 4.0
3754 2 3.5
3755 2 3.0
3756 0 4.0
3757 3 4.5
3758 3 4.0
3759 3 3.0
3760 3 3.5
3761 3 3.5
3762 3 4.0
3763 2 3.0
3764 3 4.0
3765 3 4.5
3766 4 4.0
3767 3 4.5
3768 3 4.0
3769 3 4.5
3770 5 5.0
3771 3 4.5
3772 5 5.0
3773 4 4.0
3774 4 4.0
3775 3 3.0
3776 3 3.5
3777 3 4.0
3778 4 4.5
3779 4 5.0
3780 2 3.0
3781 2 2.5
3782 0 4.0
3783 2 3.5
3784 3 4.0
3785 3 4.5
3786 3 4.0
3787 2 2.5
3788 3 4.0
3789 3 4.5
3790 2 4.5
3791 2 4.0
3792 2 4.5
3793 0 4.5
3794 4 4.5
3795 4 4.0
3796 3 4.5
3797 4 4.0
3798 4 4.0
3799 4 4.5
3800 3 4.5
3801 4 4.5
3802 4 4.0
3803 4 4.5
3804 4 4.0
3805 2 3.5
3806 4 4.5
3807 3 4.0
3808 2 3.5
3809 3 3.0
3810 3 4.0
3811 3 3.5
3812 3 3.5
3813 2 3.0
3814 3 4.0
3815 3 3.5
3816 3 0.0
3817 2 4.0
3818 3 4.5
3819 2 4.0
3820 2 4.0
3821 3 4.5
3822 3 4.0
3823 3 4.0
3824 2 2.5
3825 3 4.0
3826 4 4.0
3827 2 3.5
3828 3 4.5
3829 3 4.0
3830 2 4.0
3831 2 3.0
3832 0 3.5
3833 0 4.5
3834 2 3.0
3835 3 3.5
3836 3 4.0
3837 4 4.5
3838 2 4.0
3839 4 4.5
3840 3 3.5
3841 4 4.0
3842 2 4.0
3843 4 4.5
3844 0 4.0
3845 4 4.5
3846 3 4.5
3847 2 3.5
3848 3 3.0
3849 2 1.5
3850 2 4.0
3851 2 4.0
3852 3 4.0
3853 3 3.5
3854 3 4.5
3855 3 4.0
3856 3 3.5
3857 3 3.5
3858 3 4.0
3859 2 3.5
3860 3 4.5
3861 4 4.5
3862 4 4.0
3863 4 4.0
3864 4 4.5
3865 3 4.0
3866 2 3.5
3867 4 4.0
3868 3 4.5
3869 3 4.0
3870 3 4.5
3871 4 4.0
3872 0 3.5
3873 4 3.5
3874 0 3.5
3875 4 4.5
3876 3 4.0
3877 3 4.0
3878 4 4.5
3879 3 4.5
3880 3 4.5
3881 3 0.0
3882 4 4.0
3883 4 4.5
3884 4 4.5
3885 4 4.5
3886 4 3.5
3887 5 4.0
3888 5 4.5
3889 3 4.0
3890 3 3.0
3891 3 4.0
3892 4 4.0
3893 3 3.5
3894 3 3.0
3895 2 4.5
3896 3 4.0
3897 3 3.5
3898 3 4.0
3899 3 4.5
3900 3 4.0
3901 3 4.0
3902 2 4.0
3903 2 3.5
3904 3 4.0
3905 2 3.0
3906 2 4.5
3907 2 4.0
3908 5 4.5
3909 4 4.5
3910 5 0.0
3911 5 4.5
3912 5 4.5
3913 5 4.5
3914 5 4.5
3915 5 4.5
3916 5 4.5
3917 3 4.5
3918 3 4.0
3919 4 4.0
3920 4 4.0
3921 4 4.0
3922 4 4.5
3923 4 4.5
3924 4 4.0
3925 2 3.0
3926 3 3.5
3927 3 4.5
3928 4 4.0
3929 3 4.0
3930 4 4.0
3931 0 4.0
3932 3 4.0
3933 5 4.0
3934 5 4.5
3935 5 4.0
3936 5 4.5
3937 2 3.5
3938 3 4.0
3939 2 3.5
3940 3 0.0
3941 3 4.0
3942 3 4.0
3943 5 5.0
3944 5 4.5
3945 5 4.5
3946 4 3.5
3947 4 4.0
3948 4 4.0
3949 4 4.0
3950 4 4.0
3951 4 4.0
3952 5 4.5
3953 3 3.5
3954 4 4.0
3955 4 4.5
3956 4 4.0
3957 3 3.5
3958 4 4.5
3959 4 4.5
3960 3 4.0
3961 4 4.5
3962 3 4.0
3963 4 4.5
3964 3 4.0
3965 2 4.0
3966 3 4.0
3967 2 4.0
3968 3 3.0
3969 3 4.5
3970 3 4.0
3971 3 3.5
3972 3 4.0
3973 4 4.0
3974 4 4.0
3975 3 3.5
3976 4 4.0
3977 4 4.0
3978 3 4.0
3979 3 3.0
3980 3 3.5
3981 3 4.0
3982 3 3.5
3983 3 4.0
3984 3 4.0
3985 2 3.5
3986 2 4.0
3987 2 3.5
3988 3 4.0
3989 2 4.0
3990 0 4.5
3991 0 4.0
3992 3 4.5
3993 0 4.0
3994 0 3.5
3995 2 4.0
3996 2 3.5
3997 3 4.0
3998 0 4.5
3999 2 2.5
4000 3 4.0
4001 0 3.5
4002 2 3.5
4003 2 4.5
4004 3 0.0
4005 3 4.0
4006 3 3.5
4007 2 2.5
4008 4 4.0
4009 4 4.5
4010 3 4.5
4011 3 3.5
4012 4 4.0
4013 4 4.0
4014 4 4.5
4015 4 3.5
4016 5 4.5
4017 4 5.0
4018 4 4.0
4019 3 4.0
4020 3 4.0
4021 3 4.0
4022 3 4.5
4023 2 3.5
4024 3 4.0
4025 3 5.0
4026 3 4.5
4027 3 4.0
4028 3 4.5
4029 3 4.0
4030 3 4.5
4031 5 4.5
4032 5 5.0
4033 5 4.5
4034 3 3.5
4035 4 4.5
4036 3 4.0
4037 5 4.5
4038 2 3.0
4039 3 4.0
4040 3 4.0
4041 0 4.0
4042 2 3.5
4043 4 4.5
4044 4 4.0
4045 4 4.5
4046 4 4.0
4047 3 3.5
4048 3 3.5
4049 4 4.0
4050 3 3.0
4051 4 4.5
4052 4 4.0
4053 4 4.5
4054 2 4.0
4055 2 4.0
4056 2 3.0
4057 0 4.0
4058 3 4.0
4059 3 3.0
4060 2 4.0
4061 2 3.0
4062 5 4.5
4063 4 4.0
4064 4 4.0
4065 2 3.5
4066 2 4.0
4067 2 4.0
4068 3 4.0
4069 3 4.0
4070 3 4.0
4071 3 3.5
4072 4 4.5
4073 0 4.5
4074 4 4.5
4075 4 4.0
4076 3 3.5
4077 2 3.5
4078 2 2.5
4079 3 4.5
4080 2 4.0
4081 3 4.0
4082 3 4.5
4083 3 4.5
4084 3 4.5
4085 3 4.0
4086 3 4.0
4087 3 4.0
4088 3 4.0
4089 3 4.0
4090 3 4.5
4091 3 3.0
4092 4 4.0
4093 3 4.0
4094 4 0.0
4095 3 3.5
4096 4 3.5
4097 4 3.5
4098 4 4.5
4099 2 4.0
4100 4 4.0
4101 2 3.0
4102 3 4.5
4103 5 4.5
4104 4 4.5
4105 4 4.5
4106 4 4.5
4107 4 3.5
4108 3 4.0
4109 4 4.5
4110 3 3.5
4111 3 5.0
4112 3 4.5
4113 2 4.5
4114 3 4.5
4115 2 4.0
4116 3 3.5
4117 3 4.5
4118 3 4.0
4119 3 4.0
4120 3 4.0
4121 4 4.0
4122 5 4.5
4123 4 4.5
4124 4 4.5
4125 5 5.0
4126 4 4.5
4127 3 4.0
4128 3 4.0
4129 3 4.0
4130 3 4.5
4131 3 4.0
4132 3 4.0
4133 2 3.0
4134 4 4.5
4135 3 3.5
4136 3 4.0
4137 3 3.5
4138 2 2.5
4139 3 3.5
4140 3 4.5
4141 3 4.5
4142 3 4.0
4143 4 4.5
4144 2 2.5
4145 3 2.5
4146 3 3.5
4147 3 4.5
4148 3 4.0
4149 4 4.0
4150 2 5.0
4151 3 4.5
4152 3 4.5
4153 3 4.0
4154 2 3.0
4155 2 3.0
4156 2 3.5
4157 3 4.5
4158 2 4.0
4159 2 2.5
4160 2 3.5
4161 3 4.0
4162 0 4.0
4163 2 4.0
4164 2 2.5
4165 4 4.0
4166 4 4.5
4167 5 4.5
4168 4 4.5
4169 5 4.0
4170 5 4.0
4171 3 4.5
4172 5 5.0
4173 3 4.0
4174 4 4.5
4175 4 4.5
4176 4 4.5
4177 4 3.5
4178 5 4.0
4179 4 3.5
4180 4 4.0
4181 3 4.5
4182 4 4.5
4183 4 4.0
4184 3 4.5
4185 4 4.5
4186 2 3.5
4187 2 3.5
4188 3 4.5
4189 4 4.0
4190 3 4.0
4191 5 4.0
4192 3 4.0
4193 2 3.5
4194 2 4.5
4195 3 4.5
4196 3 3.0
4197 2 3.0
4198 2 3.0
4199 0 4.5
4200 4 4.0
4201 4 4.5
4202 4 4.0
4203 4 4.0
4204 2 4.0
4205 2 3.0
4206 3 4.5
4207 4 4.5
4208 3 3.5
4209 3 4.0
4210 3 4.0
4211 3 4.0
4212 4 4.0
4213 5 4.5
4214 5 4.5
4215 5 4.0
4216 5 4.0
4217 5 4.0
4218 5 4.5
4219 3 3.5
4220 5 4.0
4221 3 4.0
4222 2 3.0
4223 3 4.0
4224 3 4.0
4225 3 4.5
4226 3 4.0
4227 3 3.5
4228 4 4.5
4229 4 4.0
4230 2 3.5
4231 3 4.5
4232 2 4.0
4233 2 3.0
4234 3 3.5
4235 4 3.5
4236 4 4.0
4237 3 4.0
4238 3 3.5
4239 3 3.5
4240 2 4.0
4241 3 4.0
4242 4 4.0
4243 3 3.5
4244 3 4.5
4245 4 4.5
4246 4 4.5
4247 4 4.0
4248 3 4.5
4249 4 4.0
4250 4 0.0
4251 4 4.0
4252 3 3.5
4253 4 4.5
4254 2 2.5
4255 3 3.0
4256 3 4.0
4257 3 3.5
4258 3 3.5
4259 4 4.5
4260 4 4.5
4261 4 4.0
4262 5 4.5
4263 4 4.5
4264 3 4.5
4265 4 4.0
4266 4 4.0
4267 2 3.0
4268 3 4.0
4269 3 4.0
4270 2 2.5
4271 3 4.0
4272 2 2.5
4273 3 3.5
4274 2 4.5
4275 3 4.0
4276 2 4.0
4277 3 3.0
4278 3 4.5
4279 3 4.0
4280 3 4.0
4281 2 3.0
4282 2 3.5
4283 2 3.0
4284 3 4.5
4285 2 3.0
4286 2 3.0
4287 3 4.5
4288 2 4.0
4289 3 4.0
4290 2 3.0
4291 2 4.5
4292 3 3.5
4293 5 4.0
4294 5 4.5
4295 5 4.5
4296 5 4.5
4297 5 4.5
4298 5 4.5
4299 5 4.5
4300 5 5.0
4301 5 4.5
4302 5 4.5
4303 5 4.5
4304 3 3.5
4305 3 3.0
4306 4 4.5
4307 3 4.5
4308 3 3.0
4309 3 3.0
4310 3 3.5
4311 3 3.0
4312 2 4.0
4313 4 4.5
4314 4 4.5
4315 3 4.0
4316 2 4.0
4317 3 4.0
4318 3 4.0
4319 3 4.0
4320 3 3.0
4321 2 4.0
4322 3 4.0
4323 4 4.0
4324 4 4.5
4325 5 4.5
4326 4 4.0
4327 3 4.0
4328 4 4.0
4329 4 4.5
4330 4 4.5
4331 2 3.0
4332 3 4.0
4333 4 4.0
4334 4 4.0
4335 3 4.5
4336 3 4.0
4337 5 4.5
4338 5 4.5
4339 5 5.0
4340 3 4.0
4341 3 4.5
4342 4 4.5
4343 5 4.5
4344 4 3.5
4345 4 4.0
4346 4 4.5
4347 2 4.5
4348 3 4.0
4349 3 4.5
4350 3 4.5
4351 3 4.5
4352 4 4.5
4353 2 3.5
4354 4 3.5
4355 2 4.5
4356 2 2.5
4357 2 4.0
4358 3 3.5
4359 2 3.0
4360 3 4.5
4361 3 4.5
4362 3 5.0
4363 3 4.0
4364 2 3.5
4365 3 4.0
4366 3 4.0
4367 3 4.5
4368 3 4.0
4369 3 3.0
4370 3 4.5
4371 4 4.5
4372 3 4.5
4373 3 4.0
4374 3 4.0
4375 3 4.0
4376 2 3.5
4377 3 4.0
4378 3 4.0
4379 2 3.5
4380 2 3.5
4381 2 3.5
4382 2 4.0
4383 2 2.5
4384 3 4.5
4385 0 5.0
4386 3 4.5
4387 2 4.0
4388 3 4.0
4389 4 4.0
4390 3 4.0
4391 3 4.5
4392 3 3.0
4393 4 4.5
4394 4 4.5
4395 4 4.5
4396 2 4.0
4397 4 4.0
4398 4 4.0
4399 3 4.0
4400 3 3.5
4401 2 3.5
4402 3 3.5
4403 3 4.0
4404 2 2.5
4405 3 4.5
4406 3 4.5
4407 2 4.0
4408 3 4.5
4409 0 4.5
4410 5 4.0
4411 3 4.5
4412 3 5.0
4413 3 3.0
4414 3 3.5
4415 3 4.0
4416 3 0.0
4417 3 4.0
4418 4 3.5
4419 2 3.5
4420 3 4.5
4421 4 4.5
4422 4 4.0
4423 4 4.5
4424 4 4.0
4425 4 4.0
4426 4 4.5
4427 3 3.5
4428 4 4.5
4429 4 4.0
4430 4 3.0
4431 4 4.5
4432 4 4.0
4433 2 3.5
4434 4 4.0
4435 3 3.5
4436 3 3.0
4437 3 4.5
4438 2 2.5
4439 2 4.0
4440 2 4.0
4441 3 4.0
4442 3 4.5
4443 3 4.0
4444 4 4.5
4445 4 4.5
4446 3 4.5
4447 3 4.0
4448 4 4.0
4449 3 4.0
4450 2 4.0
4451 0 4.5
4452 0 4.5
4453 2 4.0
4454 2 4.0
4455 2 3.5
4456 4 4.0
4457 3 4.0
4458 4 4.5
4459 3 5.0
4460 3 5.0
4461 3 4.5
4462 4 4.5
4463 3 4.0
4464 3 4.0
4465 2 3.5
4466 3 4.0
4467 3 3.5
4468 3 4.5
4469 2 3.5
4470 3 3.5
4471 3 4.5
4472 4 4.0
4473 3 4.0
4474 4 4.0
4475 4 4.0
4476 3 3.5
4477 4 4.0
4478 3 3.5
4479 4 4.5
4480 3 3.5
4481 4 4.5
4482 5 4.5
4483 5 4.0
4484 4 4.5
4485 5 4.5
4486 5 4.5
4487 4 4.0
4488 2 4.0
4489 3 3.5
4490 4 4.5
4491 2 3.0
4492 4 4.5
4493 3 4.0
4494 4 4.5
4495 3 4.5
4496 3 3.5
4497 3 4.5
4498 3 4.5
4499 5 4.5
4500 2 3.5
4501 2 3.5
4502 3 4.0
4503 2 3.5
4504 3 4.0
4505 4 4.0
4506 4 4.5
4507 3 4.0
4508 4 4.5
4509 2 4.0
4510 2 4.0
4511 2 3.5
4512 3 3.5
4513 2 4.5
4514 2 4.0
4515 3 4.0
4516 2 3.5
4517 2 4.0
4518 2 3.5
4519 2 4.5
4520 3 4.5
4521 3 4.5
4522 3 4.0
4523 2 3.0
4524 3 4.0
4525 3 4.0
4526 3 3.5
4527 3 4.5
4528 3 4.0
4529 3 3.5
4530 3 4.5
4531 3 4.5
4532 2 3.5
4533 3 4.0
4534 4 4.5
4535 4 4.0
4536 2 3.0
4537 0 4.5
4538 3 4.0
4539 2 4.0
4540 0 3.5
4541 2 4.0
4542 2 3.0
4543 3 3.5
4544 3 4.5
4545 3 4.0
4546 3 4.5
4547 2 3.5
4548 2 3.5
4549 2 2.5
4550 2 4.0
4551 3 3.5
4552 3 3.5
4553 3 4.5
4554 3 4.0
4555 3 4.0
4556 3 4.5
4557 3 4.0
4558 3 4.5
4559 3 4.5
4560 3 4.0
4561 4 4.5
4562 4 4.0
4563 3 4.5
4564 4 4.5
4565 3 4.5
4566 2 4.0
4567 3 4.0
4568 4 3.5
4569 2 3.5
4570 2 3.5
4571 2 2.5
4572 3 3.0
4573 2 3.5
4574 3 4.0
4575 3 4.5
4576 4 4.0
4577 5 4.5
4578 5 4.0
4579 3 3.5
4580 3 3.5
4581 0 4.0
4582 2 3.5
4583 2 3.0
4584 3 3.5
4585 3 4.0
4586 3 4.0
4587 3 4.5
4588 2 3.5
4589 2 4.0
4590 4 4.0
4591 3 4.0
4592 4 4.5
4593 3 0.0
4594 3 4.0
4595 4 4.0
4596 3 4.5
4597 3 4.5
4598 3 4.5
4599 2 4.0
4600 0 3.5
4601 4 4.5
4602 3 4.5
4603 3 4.0
4604 2 3.5
4605 3 4.0
4606 3 3.5
4607 3 4.0
4608 4 4.5
4609 2 3.5
4610 3 4.5
4611 2 4.0
4612 2 3.5
4613 2 4.0
4614 3 3.0
4615 4 4.0
4616 4 4.5
4617 3 4.5
4618 3 3.5
4619 4 3.5
4620 4 2.5
4621 2 3.5
4622 4 4.5
4623 3 4.5
4624 2 4.0
4625 0 4.0
4626 3 4.5
4627 3 3.5
4628 2 3.5
4629 4 4.5
4630 0 4.5
4631 0 4.5
4632 2 4.0
4633 3 4.5
4634 2 2.0
4635 5 4.0
4636 4 4.5
4637 4 4.0
4638 4 4.0
4639 5 4.5
4640 5 5.0
4641 5 4.5
4642 4 4.5
4643 3 4.5
4644 3 4.5
4645 2 3.5
4646 3 4.5
4647 2 3.0
4648 3 4.5
4649 2 3.0
4650 3 4.5
4651 3 4.5
4652 3 4.0
4653 3 4.0
4654 3 4.0
4655 0 3.5
4656 2 3.0
4657 3 4.0
4658 2 3.0
4659 3 4.0
4660 3 0.0
4661 2 3.0
4662 3 4.0
4663 3 4.0
4664 2 4.0
4665 2 3.5
4666 3 5.0
4667 3 4.5
4668 4 4.5
4669 0 4.5
4670 3 3.5
4671 3 3.0
4672 3 4.0
4673 2 5.0
4674 0 4.5
4675 3 4.0
4676 3 3.5
4677 3 4.5
4678 3 4.5
4679 3 3.5
4680 3 2.5
4681 3 3.0
4682 3 4.5
4683 3 3.5
4684 2 3.5
4685 3 3.5
4686 3 4.0
4687 2 4.5
4688 3 4.0
4689 2 4.0
4690 3 4.0
4691 3 3.5
4692 4 4.5
4693 4 4.0
4694 3 4.0
4695 3 4.0
4696 3 4.0
4697 4 4.0
4698 3 4.0
4699 4 4.0
4700 4 4.5
4701 3 4.5
4702 2 3.0
4703 4 4.0
4704 3 4.0
4705 3 3.5
4706 4 4.0
4707 3 4.0
4708 4 4.5
4709 2 3.5
4710 3 5.0
4711 4 4.0
4712 3 4.5
4713 3 4.0
4714 0 5.0
4715 2 3.5
4716 2 3.5
4717 3 4.5
4718 3 4.0
4719 3 4.0
4720 3 5.0
4721 2 4.0
4722 2 4.0
4723 2 4.0
4724 2 4.0
4725 3 4.0
4726 3 4.5
4727 3 4.5
4728 2 4.0
4729 3 3.5
4730 3 3.5
4731 2 2.5
4732 3 4.5
4733 2 3.5
4734 3 4.5
4735 3 4.5
4736 3 4.5
4737 0 3.0
4738 2 4.0
4739 2 3.5
4740 2 3.0
4741 3 2.0
4742 2 3.5
4743 2 3.0
4744 3 3.0
4745 3 2.5
4746 2 2.5
4747 3 4.5
4748 3 4.5
4749 0 4.5
4750 3 4.0
4751 3 4.5
4752 4 4.0
4753 3 4.0
4754 3 4.0
4755 3 3.5
4756 3 3.5
4757 4 4.5
4758 3 4.5
4759 4 4.0
4760 4 4.0
4761 3 4.0
4762 4 4.0
4763 3 4.0
4764 2 3.5
4765 2 3.0
4766 4 4.0
4767 3 4.0
4768 5 4.5
4769 4 4.5
4770 4 4.5
4771 4 4.0
4772 4 3.5
4773 4 4.0
4774 3 4.0
4775 2 4.0
4776 4 4.5
4777 4 4.0
4778 4 4.0
4779 3 4.5
4780 4 4.5
4781 4 4.5
4782 3 4.0
4783 5 4.5
4784 2 3.5
4785 2 3.5
4786 4 4.5
4787 2 3.5
4788 3 4.5
4789 2 3.5
4790 3 4.5
4791 3 4.0
4792 3 4.5
4793 2 3.0
4794 3 0.0
4795 0 4.0
4796 3 0.0
4797 3 4.5
4798 3 4.5
4799 2 4.5
4800 2 2.0
4801 3 3.5
4802 3 4.0
4803 3 5.0
4804 2 4.0
4805 2 4.0
4806 5 4.5
4807 5 5.0
4808 5 5.0
4809 5 4.5
4810 2 3.0
4811 2 3.0
4812 2 2.0
4813 3 0.0
4814 3 4.0
4815 4 4.5
4816 3 4.0
4817 5 4.5
4818 4 4.5
4819 5 4.5
4820 4 4.5
4821 5 4.5
4822 3 3.0
4823 3 2.5
4824 3 4.0
4825 3 4.0
4826 3 4.0
4827 5 4.0
4828 4 4.0
4829 4 4.5
4830 4 4.5
4831 3 4.5
4832 4 3.5
4833 4 4.0
4834 3 4.0
4835 4 4.5
4836 3 4.0
4837 3 3.5
4838 5 3.5
4839 3 4.0
4840 3 3.0
4841 2 4.0
4842 3 4.5
4843 2 3.0
4844 3 4.5
4845 3 4.5
4846 3 4.5
4847 4 4.5
4848 4 4.5
4849 3 4.0
4850 4 4.5
4851 3 4.0
4852 3 4.0
4853 2 4.0
4854 3 5.0
4855 3 4.5
4856 3 4.0
4857 2 4.0
4858 3 4.0
4859 2 3.5
4860 3 3.0
4861 3 5.0
4862 4 3.5
4863 3 4.0
4864 3 4.0
4865 3 3.0
4866 3 4.0
4867 2 3.0
4868 4 4.0
4869 4 4.5
4870 2 4.0
4871 4 4.0
4872 3 3.0
4873 4 4.5
4874 4 4.0
4875 4 4.5
4876 4 4.5
4877 3 4.0
4878 3 4.0
4879 3 4.0
4880 3 3.0
4881 2 3.0
4882 2 3.0
4883 2 4.0
4884 3 4.0
4885 4 4.5
4886 4 3.5
4887 3 4.5
4888 2 4.0
4889 2 4.0
4890 3 3.5
4891 2 3.5
4892 3 4.0
4893 2 3.0
4894 3 4.5
4895 2 3.0
4896 2 3.5
4897 3 4.5
4898 2 4.5
4899 2 3.5
4900 3 5.0
4901 2 4.0
4902 2 4.0
4903 3 4.5
4904 2 3.5
4905 3 4.5
4906 2 3.5
4907 3 3.5
4908 3 4.5
4909 3 4.5
4910 2 4.0
4911 3 4.5
4912 4 4.5
4913 4 4.0
4914 3 3.5
4915 3 4.5
4916 3 5.0
4917 3 4.0
4918 3 4.0
4919 4 4.0
4920 3 4.0
4921 3 4.0
4922 4 4.5
4923 4 4.5
4924 4 4.5
4925 4 4.5
4926 4 4.5
4927 4 4.5
4928 2 3.5
4929 2 3.5
4930 2 4.0
4931 3 4.5
4932 3 4.5
4933 4 4.5
4934 2 3.0
4935 4 4.0
4936 3 0.0
4937 4 4.0
4938 3 4.5
4939 3 4.0
4940 3 3.5
4941 3 3.5
4942 3 4.0
4943 3 4.0
4944 2 4.0
4945 2 4.0
4946 4 4.5
4947 5 4.5
4948 3 3.5
4949 4 4.5
4950 4 4.5
4951 3 4.5
4952 3 4.5
4953 3 3.5
4954 3 3.0
4955 3 4.0
4956 4 4.5
4957 2 4.0
4958 3 0.0
4959 3 4.5
4960 4 4.0
4961 3 3.0
4962 3 3.5
4963 3 4.0
4964 2 3.5
4965 3 4.0
4966 3 4.0
4967 3 3.5
4968 4 4.0
4969 3 3.5
4970 3 3.5
4971 3 4.5
4972 2 3.5
4973 2 3.0
4974 3 3.5
4975 2 3.5
4976 4 4.0
4977 3 0.0
4978 5 4.5
4979 5 4.5
4980 5 4.5
4981 5 4.5
4982 5 4.0
4983 5 5.0
4984 5 5.0
4985 5 4.5
4986 4 4.0
4987 3 4.0
4988 4 4.0
4989 3 4.5
4990 4 4.5
4991 3 4.0
4992 3 4.5
4993 3 4.0
4994 2 4.0
4995 2 2.5
4996 3 4.5
4997 5 4.5
4998 4 4.5
4999 3 4.5
5000 2 4.0
5001 3 4.0
5002 3 4.5
5003 4 4.5
5004 4 4.5
5005 4 4.0
5006 3 4.5
5007 3 4.5
5008 5 4.5
5009 4 4.0
5010 4 4.0
5011 4 4.5
5012 4 4.0
5013 3 4.5
5014 4 4.0
5015 2 4.0
5016 4 4.0
5017 3 4.0
5018 2 3.0
5019 2 3.5
5020 3 0.0
5021 3 3.0
5022 3 3.5
5023 3 4.5
5024 2 3.5
5025 4 4.0
5026 2 0.0
5027 3 4.5
5028 3 4.5
5029 5 4.5
5030 5 4.0
5031 5 5.0
5032 5 4.5
5033 5 4.5
5034 5 4.0
5035 4 4.0
5036 4 4.0
5037 3 4.0
5038 3 3.5
5039 3 3.0
5040 3 4.5
5041 4 0.0
5042 3 3.5
5043 3 4.0
5044 3 4.0
5045 2 4.0
5046 3 4.0
5047 3 4.0
5048 2 3.5
5049 3 4.5
5050 3 3.5
5051 4 4.5
5052 2 4.0
5053 3 4.0
5054 2 3.0
5055 3 4.0
5056 4 4.0
5057 3 4.0
5058 4 4.0
5059 4 4.0
5060 4 4.5
5061 3 4.5
5062 4 4.5
5063 4 4.5
5064 4 4.5
5065 4 4.0
5066 4 4.5
5067 4 4.5
5068 4 4.0
5069 5 4.5
5070 3 4.5
5071 3 4.5
5072 0 4.0
5073 4 4.0
5074 3 4.0
5075 5 4.5
5076 5 4.0
5077 5 4.5
5078 5 4.0
5079 5 4.5
5080 5 4.5
5081 2 3.5
5082 3 3.0
5083 3 4.5
5084 3 5.0
5085 3 4.5
5086 2 3.5
5087 5 3.5
5088 3 4.0
5089 4 4.0
5090 5 4.5
5091 4 4.0
5092 3 4.5
5093 4 4.0
5094 3 4.5
5095 4 4.0
5096 3 4.5
5097 3 4.5
5098 4 4.5
5099 4 3.5
5100 4 4.0
5101 4 4.0
5102 4 4.0
5103 3 3.0
5104 2 4.0
5105 2 2.5
5106 2 4.5
5107 3 5.0
5108 3 4.0
5109 3 3.5
5110 3 4.5
5111 3 4.5
5112 2 4.0
5113 2 3.5
5114 2 4.5
5115 4 4.0
5116 0 4.5
5117 4 5.0
5118 0 4.0
5119 3 4.0
5120 4 4.0
5121 3 4.5
5122 3 3.0
5123 3 4.5
5124 3 3.5
5125 3 3.5
5126 3 3.5
5127 5 5.0
5128 3 4.0
5129 3 4.0
5130 2 3.5
5131 3 5.0
5132 3 4.5
5133 4 4.5
5134 4 4.5
5135 4 4.5
5136 4 4.5
5137 4 4.0
5138 3 4.0
5139 2 3.5
5140 2 3.5
5141 3 4.0
5142 2 3.5
5143 4 4.0
5144 3 4.0
5145 5 4.5
5146 2 2.0
5147 4 4.5
5148 4 3.0
5149 3 4.0
5150 3 4.0
5151 4 3.5
5152 4 3.5
5153 4 4.5
5154 4 4.0
5155 5 4.5
5156 3 4.0
5157 3 4.5
5158 3 4.0
5159 3 2.5
5160 4 4.5
5161 4 4.5
5162 3 4.0
5163 3 4.5
5164 4 4.0
5165 5 4.0
5166 3 3.5
5167 4 4.0
5168 0 4.5
5169 2 4.0
5170 4 4.5
5171 3 4.5
5172 3 4.5
5173 3 3.5
5174 2 4.5
5175 3 3.5
5176 3 4.0
5177 3 4.0
5178 3 5.0
5179 3 4.5
5180 3 4.5
5181 3 4.5
5182 2 3.5
5183 3 3.0
5184 2 4.0
5185 2 3.5
5186 2 3.0
5187 2 3.0
5188 4 4.0
5189 3 5.0
5190 2 3.0
5191 2 3.5
5192 4 4.5
5193 4 4.0
5194 4 4.0
5195 4 4.5
5196 5 5.0
5197 4 4.0
5198 3 4.0
5199 3 4.5
5200 2 3.5
5201 4 4.5
5202 4 4.5
5203 3 4.0
5204 4 3.5
5205 5 4.5
5206 3 3.5
5207 5 4.5
5208 3 4.0
5209 3 4.5
5210 3 4.0
5211 3 4.0
5212 4 4.5
5213 5 4.5
5214 4 4.0
5215 4 4.5
5216 4 4.0
5217 4 3.5
5218 3 4.5
5219 3 4.5
5220 2 3.5
5221 3 2.5
5222 2 4.0
5223 3 4.5
5224 3 4.5
5225 3 4.0
5226 3 4.0
5227 2 2.5
5228 3 4.5
5229 2 3.5
5230 3 4.5
5231 4 4.0
5232 4 3.5
5233 4 3.5
5234 4 4.5
5235 4 4.5
5236 4 4.5
5237 3 4.0
5238 3 4.0
5239 3 4.0
5240 3 4.0
5241 3 4.5
5242 5 4.5
5243 4 4.0
5244 3 3.5
5245 3 4.5
5246 3 3.0
5247 2 4.0
5248 3 4.5
5249 3 4.5
5250 4 4.5
5251 4 4.5
5252 4 4.5
5253 2 4.0
5254 3 5.0
5255 4 3.5
5256 2 4.0
5257 2 2.5
5258 4 4.0
5259 3 3.5
5260 3 3.0
5261 3 4.0
5262 3 4.5
5263 4 4.5
5264 3 4.0
5265 2 3.5
5266 2 3.0
5267 3 4.5
5268 3 4.5
5269 2 3.5
5270 3 4.0
5271 3 3.5
5272 4 4.0
5273 4 4.5
5274 3 4.0
5275 3 4.0
5276 4 4.5
5277 3 4.0
5278 4 4.5
5279 3 4.5
5280 4 4.0
5281 3 4.0
5282 4 4.0
5283 2 3.5
5284 4 4.5
5285 3 3.5
5286 3 4.0
5287 3 3.5
5288 4 3.0
5289 4 4.5
5290 4 4.5
5291 3 4.5
5292 3 4.0
5293 4 4.5
5294 3 4.5
5295 4 4.0
5296 4 4.5
5297 4 4.0
5298 5 4.5
5299 5 5.0
5300 4 4.0
5301 3 4.5
5302 3 4.5
5303 4 4.5
5304 3 4.5
5305 4 4.5
5306 3 4.5
5307 4 4.5
5308 2 3.5
5309 3 4.0
5310 3 4.5
5311 4 4.5
5312 4 4.0
5313 4 4.5
5314 3 4.0
5315 2 3.5
5316 3 4.0
5317 2 3.5
5318 3 4.5
5319 2 2.5
5320 3 4.5
5321 3 3.5
5322 2 4.0
5323 3 4.0
5324 2 4.0
5325 2 4.0
5326 3 4.0
5327 2 4.0
5328 3 4.0
5329 2 2.0
5330 3 3.5
5331 2 3.5
5332 4 3.5
5333 3 3.5
5334 2 0.0
5335 4 4.5
5336 4 4.0
5337 4 5.0
5338 3 3.5
5339 4 4.5
5340 3 4.0
5341 3 4.0
5342 3 3.5
5343 3 4.5
5344 3 4.0
5345 4 4.5
5346 4 4.5
5347 4 4.0
5348 3 4.0
5349 4 3.5
5350 4 4.5
5351 5 4.5
5352 4 4.5
5353 4 4.5
5354 5 4.5
5355 4 4.5
5356 4 4.5
5357 4 4.5
5358 4 4.5
5359 4 4.0
5360 4 4.5
5361 4 4.5
5362 4 4.5
5363 4 4.5
5364 4 4.5
5365 4 4.5
5366 3 3.5
5367 3 4.5
5368 4 4.5
5369 4 4.5
5370 2 3.0
5371 3 4.0
5372 3 3.0
5373 3 3.0
5374 3 2.5
5375 4 4.5
5376 0 5.0
5377 3 3.5
5378 3 3.5
5379 4 4.0
5380 4 4.5
5381 2 4.0
5382 3 4.5
5383 3 4.0
5384 3 3.5
5385 4 4.5
5386 4 4.0
5387 4 4.0
5388 4 2.0
5389 4 4.0
5390 2 4.0
5391 4 4.5
5392 2 3.0
5393 3 4.0
5394 4 4.0
5395 4 4.0
5396 5 3.5
5397 5 4.0
5398 4 3.5
5399 4 4.0
5400 5 3.5
5401 5 4.0
5402 5 3.0
5403 2 2.5
5404 2 3.0
5405 2 2.5
5406 2 3.5
5407 2 3.0
5408 4 4.5
5409 2 3.0
5410 2 3.0
5411 2 3.5
5412 2 3.5
5413 2 4.0
5414 3 4.0
5415 3 4.5
5416 3 4.0
5417 4 4.0
5418 3 4.0
5419 3 4.0
5420 3 4.0
5421 4 4.0
5422 3 3.5
5423 2 3.5
5424 4 4.5
5425 3 3.0
5426 4 3.5
5427 4 3.5
5428 4 4.0
5429 4 4.0
5430 4 4.0
5431 4 4.0
5432 3 3.5
5433 3 4.0
5434 4 4.0
5435 2 4.5
5436 3 4.5
5437 2 2.5
5438 4 4.5
5439 4 4.5
5440 3 3.5
5441 3 4.0
5442 2 3.0
5443 3 3.5
5444 3 3.5
5445 2 4.0
5446 2 3.0
5447 2 4.0
5448 3 3.5
5449 3 4.0
5450 4 4.5
5451 3 4.0
5452 3 2.5
5453 2 3.5
5454 2 3.5
5455 0 0.0
5456 2 4.0
5457 2 4.5
5458 2 4.0
5459 4 4.0
5460 2 3.0
5461 3 4.0
5462 4 4.5
5463 4 4.5
5464 4 3.5
5465 4 4.5
5466 4 4.5
5467 4 4.0
5468 2 3.0
5469 2 3.5
5470 4 4.5
5471 4 4.0
5472 4 4.0
5473 4 4.5
5474 3 4.0
5475 4 3.5
5476 5 4.5
5477 3 3.0
5478 2 3.0
5479 2 4.0
5480 3 4.5
5481 3 4.0
5482 4 3.5
5483 4 4.0
5484 3 4.0
5485 4 4.0
5486 4 4.0
5487 4 5.0
5488 3 4.5
5489 3 3.5
5490 4 3.5
5491 4 4.5
5492 4 4.5
5493 4 4.0
5494 3 3.5
5495 3 4.5
5496 4 4.0
5497 4 4.5
5498 4 4.5
5499 3 4.0
5500 3 4.0
5501 2 4.0
5502 2 4.0
5503 4 5.0
5504 4 4.0
5505 4 4.5
5506 4 4.5
5507 4 4.5
5508 4 4.5
5509 4 4.5
5510 3 4.5
5511 3 4.5
5512 3 4.5
5513 2 2.0
5514 3 4.0
5515 3 4.0
5516 3 4.5
5517 3 4.0
5518 3 3.5
5519 0 4.0
5520 4 5.0
5521 4 3.5
5522 3 3.5
5523 0 4.0
5524 3 4.5
5525 3 5.0
5526 3 3.5
5527 3 4.0
5528 2 3.5
5529 2 4.5
5530 3 3.0
5531 2 3.5
5532 3 3.5
5533 3 4.0
5534 3 3.5
5535 3 3.5
5536 3 4.0
5537 3 4.0
5538 4 4.0
5539 3 3.5
5540 4 4.0
5541 3 4.5
5542 4 4.0
5543 3 4.0
5544 4 3.5
5545 3 5.0
5546 3 4.5
5547 4 4.5
5548 3 4.0
5549 4 4.5
5550 3 4.0
5551 3 3.5
5552 4 0.0
5553 5 4.5
5554 2 3.0
5555 5 4.5
5556 4 4.5
5557 3 3.5
5558 3 4.5
5559 5 0.0
5560 3 3.5
5561 3 4.5
5562 2 4.0
5563 4 3.5
5564 3 3.5
5565 0 4.5
5566 3 4.5
5567 2 3.5
5568 2 3.5
5569 3 4.5
5570 5 4.0
5571 4 4.0
5572 4 2.5
5573 3 3.5
5574 4 4.0
5575 3 4.0
5576 2 4.0
5577 3 3.5
5578 3 4.5
5579 4 4.0
5580 4 4.5
5581 4 4.0
5582 3 4.0
5583 2 4.0
5584 2 3.5
5585 3 4.5
5586 2 3.5
5587 0 4.5
5588 3 4.0
5589 2 3.0
5590 2 3.5
5591 0 4.5
5592 3 4.5
5593 3 3.0
5594 2 1.5
5595 2 1.5
5596 2 4.0
5597 2 3.5
5598 3 3.0
5599 2 3.5
5600 3 4.5
5601 4 4.5
5602 3 4.5
5603 4 4.0
5604 4 4.5
5605 3 4.0
5606 3 4.0
5607 5 4.5
5608 3 5.0
5609 4 4.5
5610 3 4.0
5611 5 4.5
5612 2 3.5
5613 4 4.5
5614 3 4.0
5615 3 5.0
5616 0 4.5
5617 3 3.5
5618 3 4.5
5619 3 4.0
5620 2 4.0
5621 4 4.0
5622 3 4.0
5623 3 4.0
5624 2 3.0
5625 2 3.0
5626 2 2.5
5627 2 4.0
5628 3 4.5
5629 3 4.0
5630 3 4.0
5631 3 0.0
5632 0 4.0
5633 4 4.5
5634 4 4.5
5635 4 4.0
5636 3 4.0
5637 4 4.5
5638 2 2.5
5639 4 4.0
5640 4 4.0
5641 4 4.0
5642 4 4.5
5643 4 4.0
5644 3 4.5
5645 4 4.0
5646 4 4.0
5647 3 4.0
5648 2 4.0
5649 3 4.5
5650 3 3.5
5651 2 3.0
5652 2 4.5
5653 2 3.5
5654 3 4.5
5655 3 0.0
5656 2 3.5
5657 3 3.5
5658 3 5.0
5659 3 3.0
5660 2 3.5
5661 3 4.5
5662 2 3.5
5663 3 4.5
5664 3 3.5
5665 3 4.5
5666 3 4.0
5667 3 4.5
5668 2 3.0
5669 3 4.0
5670 3 4.0
5671 4 4.0
5672 4 4.0
5673 3 4.0
5674 3 4.0
5675 3 4.0
5676 3 4.0
5677 3 4.0
5678 2 3.0
5679 3 4.0
5680 2 2.5
5681 2 3.5
5682 3 4.0
5683 4 4.5
5684 4 4.0
5685 3 4.5
5686 3 3.5
5687 2 3.5
5688 2 4.0
5689 2 3.5
5690 4 4.0
5691 4 4.0
5692 4 3.5
5693 3 3.0
5694 2 3.0
5695 3 4.5
5696 3 4.0
5697 3 3.0
5698 3 4.0
5699 3 4.5
5700 2 3.0
5701 4 4.5
5702 2 3.0
5703 3 4.0
5704 4 4.0
5705 4 4.0
5706 4 4.0
5707 5 4.5
5708 2 3.5
5709 4 4.5
5710 2 3.0
5711 3 3.5
5712 3 4.0
5713 2 3.5
5714 2 3.5
5715 3 4.0
5716 3 3.5
5717 3 5.0
5718 3 4.5
5719 2 4.0
5720 3 4.5
5721 2 4.0
5722 4 4.0
5723 4 4.5
5724 3 3.5
5725 3 4.0
5726 4 4.0
5727 3 3.5
5728 3 4.0
5729 3 0.0
5730 3 4.0
5731 4 4.0
5732 3 4.0
5733 3 4.5
5734 2 4.5
5735 3 3.5
5736 3 4.5
5737 4 4.5
5738 0 4.0
5739 3 4.0
5740 5 4.5
5741 3 3.5
5742 2 3.5
5743 4 4.0
5744 4 4.0
5745 4 3.5
5746 4 5.0
5747 3 4.0
5748 3 4.0
5749 2 3.0
5750 3 4.0
5751 2 4.0
5752 3 4.5
5753 3 4.5
5754 4 4.5
5755 4 4.0
5756 4 4.0
5757 3 3.0
5758 3 3.5
5759 3 3.5
5760 3 4.0
5761 3 4.5
5762 3 4.5
5763 4 4.0
5764 3 4.0
5765 3 5.0
5766 3 4.0
5767 2 3.5
5768 4 4.0
5769 4 4.0
5770 4 3.5
5771 4 3.5
5772 3 4.5
5773 3 4.5
5774 3 4.5
5775 3 4.0
5776 4 4.0
5777 4 4.0
5778 4 4.0
5779 2 3.5
5780 2 2.0
5781 4 3.5
5782 3 4.0
5783 3 4.5
5784 3 3.5
5785 0 3.5
5786 3 4.5
5787 2 2.5
5788 3 4.5
5789 3 3.0
5790 2 3.5
5791 3 4.0
5792 4 4.0
5793 4 4.5
5794 3 4.5
5795 3 4.0
5796 2 2.5
5797 3 4.0
5798 3 4.5
5799 2 3.0
5800 4 4.5
5801 3 4.5
5802 3 3.5
5803 3 3.5
5804 5 4.5
5805 5 4.5
5806 3 4.0
5807 3 4.0
5808 4 4.5
5809 3 4.5
5810 3 4.5
5811 3 3.0
5812 4 5.0
5813 3 4.5
5814 3 4.0
5815 3 4.5
5816 3 4.5
5817 3 4.5
5818 3 4.0
5819 2 3.5
5820 3 4.0
5821 3 5.0
5822 3 4.0
5823 4 3.5
5824 2 4.0
5825 3 3.5
5826 5 4.5
5827 4 4.5
5828 2 4.0
5829 3 3.0
5830 3 4.0
5831 3 4.0
5832 2 3.0
5833 4 4.0
5834 3 4.0
5835 2 4.0
5836 2 3.0
5837 3 4.0
5838 3 3.5
5839 2 3.5
5840 3 4.5
5841 3 3.5
5842 0 4.0
5843 3 3.0
5844 2 4.0
5845 2 3.5
5846 2 4.0
5847 0 4.5
5848 3 4.0
5849 3 4.0
5850 3 4.0
5851 2 3.5
5852 2 4.0
5853 3 3.5
5854 3 3.5
5855 3 3.5
5856 3 4.5
5857 4 4.5
5858 3 4.0
5859 3 4.0
5860 2 3.5
5861 4 4.5
5862 3 4.5
5863 3 4.0
5864 4 4.5
5865 4 4.5
5866 3 4.5
5867 3 4.5
5868 3 4.0
5869 3 4.5
5870 0 4.5
5871 0 4.5
5872 5 4.5
5873 2 3.0
5874 4 4.0
5875 4 4.5
5876 4 4.0
5877 4 4.5
5878 3 3.5
5879 3 3.5
5880 2 2.5
5881 2 3.0
5882 2 2.5
5883 4 4.0
5884 4 4.0
5885 3 4.5
5886 2 3.5
5887 3 4.5
5888 3 4.0
5889 4 5.0
5890 3 4.0
5891 4 4.0
5892 4 4.0
5893 2 4.0
5894 2 4.5
5895 3 4.5
5896 3 3.5
5897 0 5.0
5898 2 3.5
5899 2 3.5
5900 0 3.0
5901 3 3.5
5902 4 4.5
5903 5 4.5
5904 4 4.5
5905 5 4.5
5906 2 4.0
5907 4 4.0
5908 3 4.5
5909 2 4.0
5910 2 3.0
5911 3 3.5
5912 3 4.0
5913 2 4.0
5914 3 4.5
5915 3 4.0
5916 3 4.5
5917 4 4.5
5918 3 4.5
5919 3 3.5
5920 5 5.0
5921 5 5.0
5922 3 4.0
5923 2 3.0
5924 2 4.5
5925 2 3.5
5926 2 3.5
5927 4 4.0
5928 5 4.5
5929 3 4.5
5930 3 4.5
5931 2 4.0
5932 3 4.5
5933 4 4.5
5934 2 3.5
5935 4 4.5
5936 3 3.5
5937 3 4.5
5938 3 3.5
5939 3 4.0
5940 3 4.5
5941 4 4.5
5942 4 4.5
5943 5 4.5
5944 5 4.5
5945 5 4.5
5946 4 4.5
5947 4 4.0
5948 4 3.5
5949 4 4.5
5950 3 3.5
5951 3 4.0
5952 2 4.5
5953 3 4.0
5954 2 3.5
5955 2 3.0
5956 2 3.5
5957 2 3.5
5958 2 2.5
5959 3 3.0
5960 3 3.5
5961 3 3.5
5962 2 3.0
5963 2 3.5
5964 3 4.0
5965 2 3.5
5966 2 3.0
5967 3 3.5
5968 3 4.0
5969 3 4.0
5970 4 4.5
5971 2 3.5
5972 4 4.5
5973 3 0.0
5974 2 3.0
5975 3 3.5
5976 3 5.0
5977 3 3.5
5978 2 3.0
5979 3 3.0
5980 4 4.5
5981 3 3.5
5982 3 3.5
5983 3 4.5
5984 2 3.0
5985 3 4.5
5986 5 4.5
5987 4 4.0
5988 4 4.5
5989 3 4.0
5990 4 3.5
5991 3 3.5
5992 4 4.0
5993 3 4.5
5994 3 4.5
5995 3 4.5
5996 3 4.5
5997 3 4.5
5998 3 4.5
5999 3 4.5
6000 3 4.0
6001 3 4.0
6002 4 4.5
6003 3 4.0
6004 4 4.0
6005 3 3.5
6006 3 4.5
6007 4 4.0
6008 3 4.0
6009 4 4.0
6010 4 4.0
6011 4 3.5
6012 4 4.0
6013 4 4.5
6014 4 4.0
6015 4 4.0
6016 3 4.0
6017 2 3.5
6018 3 4.5
6019 3 4.5
6020 3 4.5
6021 4 4.0
6022 4 4.0
6023 3 2.5
6024 2 3.5
6025 4 3.5
6026 2 3.5
6027 3 4.0
6028 2 2.5
6029 2 4.0
6030 3 4.5
6031 3 0.0
6032 3 3.5
6033 3 4.0
6034 3 4.0
6035 4 4.5
6036 4 4.5
6037 3 4.5
6038 3 4.5
6039 3 4.5
6040 2 4.0
6041 3 5.0
6042 2 4.0
6043 3 4.0
6044 3 3.0
6045 3 3.5
6046 3 4.0
6047 2 3.5
6048 3 4.5
6049 3 4.5
6050 4 4.5
6051 3 4.0
6052 2 3.5
6053 2 4.5
6054 3 4.5
6055 4 4.5
6056 4 4.5
6057 4 4.5
6058 0 4.0
6059 2 3.5
6060 2 4.0
6061 4 4.5
6062 2 4.0
6063 2 3.0
6064 2 3.5
6065 2 3.5
6066 3 4.5
6067 3 5.0
6068 3 4.5
6069 2 3.5
6070 3 4.5
6071 3 4.5
6072 2 3.5
6073 3 3.5
6074 2 3.0
6075 3 4.0
6076 2 3.0
6077 4 4.0
6078 2 3.0
6079 3 4.5
6080 3 4.5
6081 2 4.0
6082 3 4.0
6083 3 4.5
6084 2 4.0
6085 3 4.0
6086 3 3.5
6087 3 4.5
6088 3 4.0
6089 4 3.5
6090 4 4.0
6091 4 4.5
6092 4 4.5
6093 4 4.0
6094 4 4.0
6095 4 4.0
6096 2 3.5
6097 2 3.5
6098 3 4.5
6099 3 4.5
6100 2 2.5
6101 3 4.5
6102 3 4.5
6103 2 2.0
6104 3 4.0
6105 2 3.0
6106 3 4.5
6107 3 4.0
6108 3 4.0
6109 3 4.5
6110 3 4.0
6111 2 4.0
6112 0 3.5
6113 2 3.0
6114 2 4.0
6115 2 3.0
6116 4 0.0
6117 4 4.0
6118 5 4.5
6119 2 3.5
6120 2 3.5
6121 5 4.5
6122 5 4.5
6123 4 4.0
6124 3 4.0
6125 5 5.0
6126 4 4.0
6127 4 4.0
6128 3 3.5
6129 2 4.0
6130 3 4.0
6131 5 4.0
6132 4 3.5
6133 4 3.5
6134 3 4.5
6135 4 4.0
6136 3 4.0
6137 4 4.5
6138 3 4.0
6139 4 4.0
6140 0 4.0
6141 2 0.0
6142 2 3.0
6143 4 4.0
6144 4 4.0
6145 4 4.0
6146 5 4.5
6147 5 4.5
6148 4 3.5
6149 2 4.0
6150 4 4.0
6151 3 3.5
6152 2 3.0
6153 2 4.0
6154 3 4.0
6155 3 4.5
6156 4 4.0
6157 2 2.5
6158 3 3.5
6159 3 3.5
6160 3 4.0
6161 3 4.0
6162 2 3.0
6163 3 4.5
6164 3 4.5
6165 3 3.5
6166 3 4.0
6167 3 4.5
6168 0 4.5
6169 4 4.5
6170 3 3.5
6171 4 4.5
6172 4 4.5
6173 4 4.5
6174 4 4.5
6175 3 4.5
6176 4 4.5
6177 3 4.0
6178 0 4.0
6179 4 4.0
6180 3 4.0
6181 2 2.5
6182 2 3.5
6183 4 4.5
6184 2 4.0
6185 3 3.0
6186 4 4.5
6187 3 3.0
6188 3 3.5
6189 3 3.5
6190 3 3.5
6191 2 3.0
6192 3 4.0
6193 3 4.0
6194 3 4.5
6195 4 4.0
6196 4 4.0
6197 3 4.0
6198 2 3.0
6199 2 4.0
6200 4 4.0
6201 4 4.0
6202 4 4.5
6203 3 4.0
6204 3 4.5
6205 3 4.5
6206 4 4.0
6207 4 4.5
6208 4 4.0
6209 4 4.0
6210 4 4.5
6211 3 3.5
6212 4 4.0
6213 4 4.0
6214 4 3.5
6215 2 3.5
6216 3 4.5
6217 3 3.5
6218 2 3.5
6219 2 3.0
6220 3 4.0
6221 3 0.0
6222 3 4.0
6223 3 4.0
6224 4 4.5
6225 3 3.5
6226 3 3.5
6227 3 4.5
6228 3 4.0
6229 3 4.0
6230 3 0.0
6231 4 4.0
6232 4 4.0
6233 4 4.0
6234 4 4.5
6235 4 4.5
6236 4 3.5
6237 3 3.5
6238 0 3.5
6239 3 3.5
6240 0 4.0
6241 3 4.0
6242 4 4.0
6243 3 4.0
6244 4 4.5
6245 2 4.0
6246 2 4.0
6247 3 3.5
6248 2 3.0
6249 2 2.5
6250 2 4.0
6251 3 4.0
6252 2 3.5
6253 3 4.0
6254 3 3.5
6255 3 4.0
6256 3 2.5
6257 3 4.0
6258 4 4.5
6259 2 4.0
6260 2 3.5
6261 3 3.5
6262 3 4.0
6263 3 4.0
6264 3 4.5
6265 4 4.5
6266 3 4.0
6267 3 4.0
6268 3 4.0
6269 3 4.5
6270 3 4.5
6271 2 4.0
6272 4 4.5
6273 4 4.5
6274 4 4.5
6275 3 3.5
6276 3 3.5
6277 2 4.0
6278 3 4.5
6279 2 3.5
6280 4 4.0
6281 3 3.5
6282 4 3.5
6283 3 4.0
6284 3 4.0
6285 2 3.5
6286 2 3.5
6287 3 4.0
6288 2 4.0
6289 3 4.5
6290 2 4.0
6291 2 4.0
6292 3 3.5
6293 4 4.5
6294 3 4.0
6295 3 4.0
6296 0 4.0
6297 4 4.0
6298 2 3.5
6299 4 3.5
6300 4 4.0
6301 4 3.5
6302 4 3.0
6303 3 3.5
6304 3 4.5
6305 2 3.5
6306 3 4.5
6307 2 3.5
6308 2 3.5
6309 3 4.0
6310 3 3.5
6311 3 4.0
6312 0 0.0
6313 3 4.5
6314 2 3.0
6315 3 4.0
6316 3 3.5
6317 2 3.0
6318 3 4.0
6319 2 3.0
6320 2 3.5
6321 2 4.5
6322 3 3.5
6323 2 3.5
6324 4 4.0
6325 3 4.0
6326 5 4.5
6327 5 4.5
6328 5 4.0
6329 5 3.5
6330 5 4.0
6331 5 1.0
6332 5 3.5
6333 4 3.0
6334 0 4.0
6335 4 4.0
6336 4 4.5
6337 4 4.0
6338 2 3.0
6339 4 0.0
6340 3 5.0
6341 4 4.5
6342 4 4.0
6343 3 3.5
6344 4 4.5
6345 2 3.0
6346 3 4.0
6347 4 3.5
6348 2 3.5
6349 2 3.5
6350 2 4.5
6351 5 4.5
6352 5 4.5
6353 5 5.0
6354 5 4.5
6355 4 3.5
6356 4 4.0
6357 5 4.5
6358 4 4.5
6359 3 4.5
6360 2 3.5
6361 3 4.0
6362 3 3.5
6363 3 4.0
6364 4 0.0
6365 3 3.0
6366 3 3.5
6367 3 4.0
6368 3 3.0
6369 3 3.0
6370 2 4.0
6371 2 4.0
6372 3 4.0
6373 3 4.0
6374 2 4.5
6375 2 3.0
6376 2 4.0
6377 3 4.0
6378 4 3.5
6379 3 4.5
6380 3 4.5
6381 3 4.5
6382 0 4.0
6383 4 4.5
6384 5 4.5
6385 4 4.5
6386 4 4.0
6387 4 4.5
6388 5 4.5
6389 4 4.5
6390 3 4.5
6391 2 3.0
6392 2 4.0
6393 2 2.5
6394 2 4.0
6395 2 4.0
6396 4 4.0
6397 4 0.0
6398 4 3.5
6399 4 4.0
6400 3 4.0
6401 4 4.0
6402 3 4.0
6403 3 4.0
6404 4 0.0
6405 3 3.5
6406 5 4.0
6407 4 4.0
6408 4 4.0
6409 3 4.0
6410 2 0.0
6411 4 4.5
6412 3 4.0
6413 3 4.0
6414 3 4.0
6415 4 4.5
6416 3 4.0
6417 3 4.5
6418 3 4.5
6419 3 4.5
6420 2 3.5
6421 3 4.5
6422 2 4.0
6423 2 4.0
6424 2 4.0
6425 3 4.5
6426 3 3.5
6427 3 3.0
6428 3 4.5
6429 4 4.0
6430 3 4.5
6431 2 2.5
6432 3 4.0
6433 3 4.0
6434 4 4.5
6435 4 4.0
6436 3 3.0
6437 4 4.0
6438 4 4.0
6439 3 4.5
6440 2 4.0
6441 3 4.5
6442 3 4.5
6443 5 4.0
6444 4 4.0
6445 5 4.5
6446 3 3.5
6447 4 4.5
6448 4 3.5
6449 3 4.0
6450 4 4.5
6451 3 4.5
6452 3 4.5
6453 3 4.5
6454 3 4.5
6455 3 5.0
6456 3 4.0
6457 3 4.5
6458 5 4.5
6459 3 4.0
6460 4 4.0
6461 3 4.5
6462 3 3.5
6463 4 4.5
6464 3 4.5
6465 2 4.0
6466 3 3.5
6467 3 4.0
6468 3 4.0
6469 4 3.5
6470 4 4.5
6471 3 5.0
6472 4 4.5
6473 4 4.5
6474 4 4.5
6475 3 4.0
6476 4 4.5
6477 2 0.0
6478 2 1.5
6479 3 4.5
6480 2 5.0
6481 3 0.0
6482 1 3.5
6483 2 3.5
6484 3 4.0
6485 0 4.0
6486 2 4.0
6487 3 4.0
6488 3 4.5
6489 3 4.0
6490 2 3.5
6491 3 4.5
6492 3 4.0
6493 3 4.5
6494 2 4.5
6495 2 3.0
6496 2 3.5
6497 4 4.0
6498 3 4.0
6499 4 3.5
6500 4 4.5
6501 4 4.0
6502 3 4.0
6503 3 2.5
6504 2 3.5
6505 3 4.0
6506 2 3.5
6507 3 4.5
6508 2 4.0
6509 2 4.0
6510 3 3.5
6511 3 4.5
6512 4 4.5
6513 2 4.5
6514 3 4.5
6515 3 4.0
6516 3 4.0
6517 4 4.5
6518 4 4.5
6519 3 3.0
6520 4 4.0
6521 3 4.5
6522 3 4.5
6523 4 4.0
6524 3 4.5
6525 0 3.5
6526 2 3.5
6527 2 4.0
6528 4 3.5
6529 5 4.5
6530 5 4.5
6531 4 4.0
6532 4 4.5
6533 3 4.0
6534 4 4.0
6535 3 3.5
6536 4 4.0
6537 4 4.0
6538 4 4.0
6539 3 3.0
6540 4 3.5
6541 3 4.5
6542 4 4.5
6543 4 4.0
6544 4 4.0
6545 3 4.5
6546 4 4.0
6547 4 4.5
6548 4 4.0
6549 2 3.5
6550 0 4.0
6551 4 4.5
6552 5 4.5
6553 5 4.5
6554 4 4.5
6555 4 4.0
6556 2 4.5
6557 3 0.0
6558 3 4.5
6559 4 0.0
6560 4 4.0
6561 3 4.5
6562 3 4.0
6563 2 3.5
6564 5 4.5
6565 4 4.0
6566 4 3.5
6567 4 5.0
6568 4 4.0
6569 4 4.0
6570 5 4.5
6571 4 4.5
6572 3 0.0
6573 4 4.0
6574 4 4.5
6575 4 4.5
6576 4 4.5
6577 3 4.0
6578 3 4.0
6579 3 4.0
6580 2 3.5
6581 4 4.5
6582 3 4.0
6583 2 4.0
6584 2 3.5
6585 3 4.5
6586 3 3.5
6587 4 4.0
6588 5 4.5
6589 5 4.5
6590 5 4.5
6591 5 4.5
6592 5 4.5
6593 3 4.5
6594 5 5.0
6595 2 3.5
6596 4 4.5
6597 3 4.5
6598 3 4.5
6599 3 4.0
6600 4 4.5
6601 3 4.0
6602 3 3.5
6603 4 4.0
6604 3 4.5
6605 3 3.0
6606 2 3.5
6607 3 4.5
6608 3 4.5
6609 2 3.5
6610 2 3.0
6611 3 3.5
6612 3 4.5
6613 3 4.5
6614 2 4.0
6615 0 4.0
6616 3 4.0
6617 3 4.0
6618 3 4.5
6619 4 4.0
6620 5 4.0
6621 4 4.0
6622 5 4.5
6623 4 4.5
6624 2 2.5
6625 2 3.5
6626 3 4.5
6627 3 4.0
6628 3 4.5
6629 3 3.5
6630 3 4.5
6631 2 3.0
6632 2 4.0
6633 3 4.0
6634 3 3.5
6635 2 3.5
6636 3 4.0
6637 2 4.0
6638 4 4.0
6639 3 4.0
6640 2 3.5
6641 4 4.0
6642 5 4.5
6643 4 4.0
6644 0 3.5
6645 4 3.5
6646 4 4.5
6647 4 4.5
6648 3 4.5
6649 3 3.5
6650 2 3.5
6651 3 4.5
6652 2 4.0
6653 4 4.0
6654 3 4.5
6655 3 4.0
6656 3 4.5
6657 5 4.0
6658 5 4.5
6659 5 4.5
6660 3 4.0
6661 4 4.0
6662 2 4.5
6663 3 4.5
6664 3 2.5
6665 2 4.0
6666 3 4.0
6667 3 4.0
6668 5 4.0
6669 4 4.0
6670 3 4.5
6671 4 4.5
6672 3 4.0
6673 3 4.5
6674 4 4.0
6675 3 4.5
6676 4 4.0
6677 4 4.0
6678 4 4.5
6679 4 0.0
6680 3 3.0
6681 3 4.5
6682 4 4.5
6683 3 2.5
6684 3 4.0
6685 3 3.0
6686 3 4.5
6687 2 3.0
6688 3 4.0
6689 4 4.0
6690 4 4.5
6691 4 4.5
6692 3 4.0
6693 5 4.5
6694 5 4.5
6695 2 4.0
6696 4 4.5
6697 5 4.5
6698 3 4.0
6699 4 4.0
6700 4 4.5
6701 3 4.0
6702 3 4.0
6703 4 4.5
6704 3 4.5
6705 3 4.5
6706 3 0.0
6707 3 5.0
6708 3 3.5
6709 3 3.5
6710 2 3.0
6711 2 3.5
6712 3 4.0
6713 2 4.0
6714 3 3.5
6715 3 4.0
6716 2 3.0
6717 0 4.0
6718 3 3.5
6719 3 4.5
6720 4 4.5
6721 4 4.0
6722 3 4.0
6723 4 4.5
6724 3 4.0
6725 3 4.0
6726 5 4.0
6727 2 3.0
6728 0 3.5
6729 3 3.0
6730 2 2.0
6731 2 3.0
6732 3 4.5
6733 2 3.0
6734 0 4.5
6735 2 3.5
6736 3 4.5
6737 2 3.0
6738 2 3.0
6739 2 4.5
6740 3 4.0
6741 2 3.5
6742 3 3.5
6743 2 4.5
6744 3 3.5
6745 4 4.0
6746 2 3.0
6747 3 4.0
6748 2 3.5
6749 2 3.5
6750 3 4.0
6751 3 4.5
6752 3 4.5
6753 3 4.5
6754 4 4.0
6755 3 4.0
6756 3 3.5
6757 3 4.5
6758 3 3.5
6759 4 3.5
6760 4 4.5
6761 4 3.5
6762 4 4.0
6763 2 4.5
6764 0 4.0
6765 2 4.0
6766 2 4.0
6767 3 4.0
6768 3 4.0
6769 3 4.0
6770 3 4.5
6771 2 3.5
6772 4 3.5
6773 5 4.0
6774 5 4.5
6775 5 4.5
6776 3 4.0
6777 4 4.0
6778 2 3.0
6779 2 3.0
6780 3 4.0
6781 3 3.5
6782 3 4.0
6783 2 4.0
6784 3 4.0
6785 3 4.0
6786 2 4.5
6787 3 4.5
6788 3 4.0
6789 3 4.5
6790 3 3.0
6791 3 3.5
6792 2 3.0
6793 3 4.5
6794 3 3.5
6795 4 4.5
6796 4 4.5
6797 2 4.5
6798 2 3.0
6799 2 3.0
6800 2 2.5
6801 3 4.5
6802 3 4.5
6803 3 3.5
6804 4 4.5
6805 4 4.5
6806 3 4.5
6807 2 3.5
6808 3 3.5
6809 3 4.0
6810 3 4.5
6811 2 4.0
6812 2 3.5
6813 4 4.0
6814 2 3.0
6815 4 4.0
6816 3 4.0
6817 4 4.5
6818 3 4.5
6819 4 4.0
6820 3 4.5
6821 4 4.5
6822 2 3.0
6823 3 3.5
6824 3 4.0
6825 3 3.5
6826 3 4.0
6827 3 4.5
6828 3 4.5
6829 4 4.5
6830 2 4.0
6831 2 3.5
6832 3 4.5
6833 2 2.5
6834 3 3.5
6835 3 4.0
6836 4 4.5
6837 4 4.0
6838 4 4.0
6839 3 4.0
6840 3 4.5
6841 3 4.5
6842 3 4.5
6843 4 3.5
6844 4 4.0
6845 3 4.5
6846 3 3.5
6847 2 3.5
6848 2 4.0
6849 4 4.0
6850 3 4.0
6851 3 4.5
6852 4 4.0
6853 3 4.0
6854 3 4.5
6855 4 4.5
6856 2 3.5
6857 3 3.5
6858 2 3.0
6859 4 4.5
6860 3 4.5
6861 4 4.5
6862 4 3.5
6863 4 4.0
6864 5 5.0
6865 5 4.5
6866 4 4.5
6867 4 4.0
6868 3 4.5
6869 4 4.5
6870 3 4.5
6871 3 4.0
6872 3 3.5
6873 3 4.0
6874 4 4.5
6875 3 3.5
6876 3 4.0
6877 2 3.5
6878 2 4.0
6879 3 4.5
6880 3 4.5
6881 3 4.5
6882 3 4.0
6883 3 4.0
6884 4 0.0
6885 3 3.5
6886 3 3.5
6887 3 4.0
6888 3 4.0
6889 2 3.5
6890 2 4.0
6891 4 4.5
6892 4 4.0
6893 3 4.5
6894 4 4.0
6895 2 3.5
6896 3 4.5
6897 5 3.0
6898 3 4.5
6899 3 5.0
6900 3 4.5
6901 2 2.5
6902 3 4.0
6903 2 3.5
6904 3 4.0
6905 2 4.0
6906 2 3.5
6907 2 3.5
6908 2 2.5
6909 2 3.5
6910 2 3.5
6911 3 4.0
6912 4 4.5
6913 0 4.5
6914 3 4.5
6915 3 3.5
6916 3 4.5
6917 4 4.5
6918 5 4.5
6919 3 4.5
6920 2 4.5
6921 4 4.0
6922 3 4.5
6923 4 4.5
6924 4 4.0
6925 2 4.0
6926 2 4.5
6927 3 5.0
6928 2 3.0
6929 2 3.0
6930 3 4.5
6931 3 4.5
6932 2 4.0
6933 4 3.0
6934 3 4.0
6935 4 4.0
6936 4 4.5
6937 4 4.5
6938 3 4.0
6939 4 4.5
6940 3 4.0
6941 3 4.5
6942 3 3.5
6943 2 5.0
6944 3 4.0
6945 3 4.0
6946 4 4.5
6947 4 3.5
6948 3 4.0
6949 3 3.5
6950 3 4.5
6951 3 4.5
6952 3 4.5
6953 2 4.0
6954 2 3.5
6955 3 4.0
6956 3 4.0
6957 3 4.5
6958 4 4.5
6959 3 4.5
6960 4 5.0
6961 3 3.5
6962 5 4.5
6963 5 4.5
6964 5 5.0
6965 3 4.0
6966 4 4.0
6967 4 4.5
6968 4 4.0
6969 3 0.0
6970 2 3.5
6971 3 2.5
6972 3 3.5
6973 3 4.5
6974 2 2.5
6975 3 5.0
6976 4 4.0
6977 3 4.5
6978 3 4.5
6979 3 4.0
6980 3 4.0
6981 2 4.5
6982 3 3.5
6983 4 4.0
6984 3 4.5
6985 2 2.5
6986 3 4.0
6987 2 3.0
6988 2 3.5
6989 3 4.0
6990 3 4.0
6991 2 3.0
6992 2 3.0
6993 3 3.5
6994 3 4.5
6995 2 3.0
6996 4 4.0
6997 3 4.0
6998 4 4.0
6999 4 3.5
7000 3 3.5
7001 3 4.0
7002 3 4.5
7003 3 2.5
7004 3 4.5
7005 0 4.5
7006 3 4.5
7007 2 4.0
7008 3 4.5
7009 3 4.5
7010 3 4.5
7011 3 4.5
7012 2 4.0
7013 4 2.0
7014 4 4.5
7015 3 3.5
7016 0 4.5
7017 3 4.5
7018 2 3.5
7019 2 4.0
7020 3 4.5
7021 4 4.0
7022 2 3.5
7023 2 3.5
7024 2 3.0
7025 0 3.0
7026 2 4.0
7027 3 3.5
7028 2 4.0
7029 3 0.0
7030 4 3.5
7031 3 3.5
7032 4 4.0
7033 4 4.0
7034 3 3.5
7035 0 4.5
7036 4 4.5
7037 3 4.0
7038 4 4.0
7039 3 4.5
7040 3 3.5
7041 2 3.0
7042 2 4.0
7043 3 3.5
7044 2 4.5
7045 3 3.5
7046 3 4.0
7047 3 4.5
7048 3 4.5
7049 2 4.5
7050 5 4.5
7051 5 4.5
7052 5 4.5
7053 5 4.5
7054 5 4.5
7055 3 4.5
7056 2 4.5
7057 4 4.0
7058 4 4.5
7059 2 4.0
7060 4 4.5
7061 3 4.0
7062 3 4.5
7063 3 4.0
7064 3 0.0
7065 2 3.0
7066 3 4.0
7067 4 4.0
7068 4 4.0
7069 4 5.0
7070 2 3.0
7071 2 0.0
7072 3 4.5
7073 2 3.5
7074 3 4.0
7075 3 4.5
7076 3 4.0
7077 3 3.5
7078 3 3.5
7079 4 4.5
7080 5 4.0
7081 5 4.5
7082 5 4.5
7083 3 4.0
7084 3 4.5
7085 3 4.5
7086 4 4.0
7087 3 4.0
7088 2 4.0
7089 4 4.5
7090 5 4.5
7091 5 4.5
7092 4 4.5
7093 2 3.5
7094 2 3.5
7095 2 3.5
7096 4 5.0
7097 4 4.0
7098 4 4.0
7099 3 3.0
7100 3 4.5
7101 2 3.5
7102 4 4.5
7103 2 4.5
7104 4 4.0
7105 3 4.5
7106 4 4.0
7107 4 4.0
7108 3 4.0
7109 2 4.5
7110 3 5.0
7111 3 3.0
7112 2 3.0
7113 2 4.0
7114 3 4.5
7115 3 4.0
7116 3 4.5
7117 3 4.5
7118 3 4.5
7119 4 4.5
7120 4 4.5
7121 4 4.5
7122 3 4.0
7123 3 3.5
7124 2 4.0
7125 3 4.5
7126 2 4.0
7127 2 4.0
7128 3 4.5
7129 3 4.0
7130 3 4.0
7131 4 4.0
7132 4 4.5
7133 3 4.5
7134 3 4.5
7135 4 4.5
7136 4 4.0
7137 4 4.5
7138 3 4.5
7139 3 4.0
7140 4 3.5
7141 5 4.5
7142 2 4.0
7143 5 4.5
7144 3 4.0
7145 3 4.0
7146 3 3.5
7147 3 3.5
7148 4 4.0
7149 4 4.5
7150 3 4.0
7151 3 4.5
7152 3 0.0
7153 3 4.0
7154 3 5.0
7155 3 4.5
7156 4 4.0
7157 3 4.0
7158 3 4.0
7159 3 4.5
7160 3 4.0
7161 3 3.5
7162 5 4.5
7163 5 4.5
7164 5 4.5
7165 3 4.0
7166 2 3.0
7167 2 3.5
7168 4 5.0
7169 4 4.0
7170 4 4.0
7171 3 4.0
7172 4 4.5
7173 3 4.0
7174 3 4.0
7175 4 4.5
7176 3 4.5
7177 3 4.5
7178 3 4.0
7179 4 3.5
7180 3 4.0
7181 5 4.0
7182 2 4.0
7183 4 4.0
7184 3 4.0
7185 4 4.5
7186 3 4.5
7187 4 4.0
7188 3 4.0
7189 4 4.5
7190 4 4.0
7191 2 3.0
7192 2 3.5
7193 2 3.0
7194 2 4.0
7195 4 4.5
7196 4 3.5
7197 4 3.5
7198 4 3.0
7199 4 3.5
7200 4 3.5
7201 3 4.0
7202 3 4.5
7203 2 4.5
7204 3 4.0
7205 3 4.0
7206 2 3.0
7207 5 4.5
7208 4 4.0
7209 2 4.0
7210 3 0.0
7211 3 4.0
7212 2 3.5
7213 3 3.5
7214 3 4.5
7215 4 4.0
7216 3 4.5
7217 4 4.5
7218 4 4.0
7219 3 4.5
7220 4 4.0
7221 4 4.0
7222 3 0.0
7223 2 4.5
7224 3 4.5
7225 3 3.0
7226 4 4.5
7227 3 4.0
7228 3 3.5
7229 3 4.0
7230 4 4.5
7231 4 4.0
7232 4 3.5
7233 5 4.5
7234 3 4.0
7235 3 4.0
7236 3 2.0
7237 3 3.0
7238 3 4.5
7239 3 4.5
7240 3 4.0
7241 3 4.5
7242 2 3.5
7243 4 4.0
7244 3 4.0
7245 3 4.0
7246 3 4.0
7247 3 4.0
7248 3 4.5
7249 4 3.5
7250 2 4.0
7251 3 4.0
7252 2 2.5
7253 3 3.5
7254 2 3.5
7255 2 4.0
7256 3 4.0
7257 3 4.5
7258 3 3.5
7259 4 3.5
7260 3 4.5
7261 3 4.0
7262 2 3.5
7263 3 4.5
7264 3 4.5
7265 0 4.0
7266 3 4.0
7267 3 3.5
7268 3 4.5
7269 2 3.5
7270 3 4.0
7271 3 4.0
7272 4 4.5
7273 3 3.5
7274 2 3.0
7275 3 4.5
7276 2 3.5
7277 3 4.5
7278 3 4.5
7279 3 4.0
7280 4 4.0
7281 4 3.5
7282 2 4.0
7283 3 3.5
7284 4 4.5
7285 4 4.0
7286 3 4.0
7287 4 4.0
7288 4 4.5
7289 3 4.5
7290 0 3.5
7291 0 4.0
7292 4 4.5
7293 3 4.0
7294 3 4.5
7295 2 4.0
7296 3 3.5
7297 3 4.0
7298 3 0.0
7299 3 4.5
7300 4 4.5
7301 2 3.5
7302 3 5.0
7303 2 3.0
7304 3 5.0
7305 3 4.5
7306 3 4.0
7307 2 3.0
7308 3 2.5
7309 0 4.5
7310 3 4.0
7311 4 4.5
7312 4 4.5
7313 2 3.0
7314 3 4.5
7315 2 3.5
7316 0 5.0
7317 3 4.0
7318 4 4.5
7319 4 4.5
7320 4 4.5
7321 4 4.0
7322 4 3.5
7323 4 4.0
7324 4 5.0
7325 3 4.0
7326 3 4.5
7327 4 5.0
7328 3 4.0
7329 4 4.0
7330 4 4.5
7331 2 3.0
7332 2 4.0
7333 3 3.0
7334 3 4.0
7335 3 4.5
7336 3 4.0
7337 2 3.5
7338 3 4.0
7339 3 4.5
7340 3 4.0
7341 4 4.0
7342 3 4.5
7343 2 2.5
7344 0 4.5
7345 2 3.5
7346 2 4.5
7347 3 4.0
7348 4 4.5
7349 4 4.5
7350 0 3.5
7351 2 2.0
7352 3 4.5
7353 2 3.5
7354 3 3.5
7355 3 5.0
7356 2 4.0
7357 4 4.5
7358 3 0.0
7359 5 5.0
7360 3 4.0
7361 5 4.5
7362 3 4.5
7363 3 4.0
7364 4 4.5
7365 4 4.0
7366 3 4.0
7367 3 3.5
7368 3 4.5
7369 3 4.5
7370 2 3.5
7371 3 4.5
7372 3 4.0
7373 3 4.5
7374 3 4.0
7375 4 4.5
7376 3 4.0
7377 3 4.5
7378 4 4.5
7379 3 4.5
7380 3 4.0
7381 4 4.5
7382 4 4.0
7383 3 4.5
7384 4 4.5
7385 3 3.5
7386 3 4.0
7387 3 4.0
7388 0 3.5
7389 3 4.5
7390 4 4.0
7391 3 3.5
7392 5 4.5
7393 5 4.5
7394 4 4.5
7395 3 3.5
7396 3 4.0
7397 4 4.5
7398 3 3.0
7399 2 4.0
7400 3 3.0
7401 2 3.0
7402 3 3.0
7403 4 4.5
7404 4 4.0
7405 4 4.5
7406 4 4.0
7407 4 4.5
7408 5 4.0
7409 3 0.0
7410 2 3.0
7411 3 4.5
7412 2 3.0
7413 3 4.0
7414 3 4.0
7415 3 4.5
7416 2 4.0
7417 3 5.0
7418 3 4.0
7419 2 2.5
7420 3 4.0
7421 2 3.5
7422 3 3.5
7423 3 4.5
7424 3 4.5
7425 3 5.0
7426 2 2.0
7427 2 4.5
7428 2 1.5
7429 2 3.0
7430 4 4.0
7431 4 4.0
7432 4 4.5
7433 3 4.0
7434 2 4.0
7435 3 4.0
7436 3 3.5
7437 3 4.0
7438 2 4.0
7439 4 4.5
7440 2 3.0
7441 4 4.0
7442 2 0.0
7443 2 4.5
7444 2 3.0
7445 3 4.5
7446 3 4.0
7447 3 3.0
7448 2 3.5
7449 0 3.5
7450 3 4.5
7451 0 4.0
7452 3 5.0
7453 2 3.5
7454 3 4.5
7455 3 3.0
7456 2 4.5
7457 3 4.0
7458 4 4.5
7459 3 3.5
7460 3 4.0
7461 3 4.5
7462 4 4.0
7463 5 4.5
7464 4 4.5
7465 3 3.5
7466 3 2.5
7467 2 4.0
7468 3 4.5
7469 2 4.0
7470 3 3.5
7471 3 4.0
7472 3 4.0
7473 4 4.0
7474 4 4.5
7475 3 3.5
7476 4 4.5
7477 4 4.0
7478 2 3.5
7479 2 3.0
7480 2 4.0
7481 3 4.5
7482 2 3.5
7483 2 0.0
7484 3 4.0
7485 4 4.0
7486 4 4.0
7487 3 4.5
7488 3 4.5
7489 3 4.5
7490 3 4.5
7491 2 3.0
7492 4 4.0
7493 3 4.5
7494 4 4.0
7495 3 5.0
7496 4 4.0
7497 3 4.5
7498 0 4.0
7499 3 4.5
7500 3 4.0
7501 0 4.5
7502 3 4.0
7503 4 4.0
7504 4 4.0
7505 3 3.0
7506 4 4.5
7507 3 4.0
7508 4 4.5
7509 4 4.0
7510 4 3.5
7511 4 4.0
7512 3 4.5
7513 4 4.0
7514 2 4.0
7515 3 4.5
7516 3 3.0
7517 4 4.0
7518 3 3.5
7519 2 3.0
7520 3 4.0
7521 2 2.5
7522 2 3.0
7523 3 3.5
7524 2 3.5
7525 3 3.5
7526 4 3.5
7527 3 3.5
7528 4 4.5
7529 3 3.5
7530 2 3.5
7531 2 3.5
7532 3 4.5
7533 3 4.5
7534 3 4.5
7535 4 4.0
7536 3 4.0
7537 3 4.5
7538 2 3.5
7539 3 4.5
7540 4 4.0
7541 3 4.5
7542 0 4.0
7543 4 4.5
7544 4 4.5
7545 4 4.0
7546 4 4.0
7547 5 4.5
7548 5 4.5
7549 4 4.5
7550 5 4.5
7551 5 4.0
7552 5 4.5
7553 3 4.0
7554 3 4.0
7555 4 4.0
7556 3 2.5
7557 2 3.5
7558 2 3.5
7559 3 3.5
7560 4 3.5
7561 4 4.0
7562 3 3.0
7563 4 4.0
7564 5 3.5
7565 3 4.5
7566 3 4.0
7567 4 3.5
7568 3 4.0
7569 2 4.5
7570 3 4.0
7571 3 4.5
7572 3 4.0
7573 4 4.5
7574 4 4.0
7575 4 4.5
7576 3 4.0
7577 4 4.5
7578 3 4.5
7579 4 4.5
7580 3 4.0
7581 4 4.0
7582 3 4.5
7583 3 3.5
7584 3 4.5
7585 4 4.5
7586 4 4.0
7587 3 4.5
7588 2 3.0
7589 4 4.0
7590 2 3.5
7591 4 4.0
7592 3 4.5
7593 2 4.0
7594 3 4.5
7595 2 4.5
7596 3 4.5
7597 0 4.0
7598 3 4.5
7599 3 3.5
7600 4 4.0
7601 2 3.0
7602 3 4.0
7603 3 4.0
7604 2 3.5
7605 3 4.5
7606 4 4.0
7607 3 4.5
7608 4 3.5
7609 4 4.5
7610 3 4.5
7611 4 4.5
7612 3 3.5
7613 3 4.0
7614 3 4.5
7615 3 4.5
7616 3 4.5
7617 3 4.5
7618 3 4.5
7619 3 3.5
7620 3 4.0
7621 3 4.0
7622 3 4.5
7623 3 3.5
7624 2 3.5
7625 2 3.0
7626 3 4.0
7627 2 4.0
7628 2 4.5
7629 4 4.0
7630 4 4.0
7631 0 4.0
7632 2 4.0
7633 0 3.5
7634 2 4.0
7635 3 3.5
7636 3 5.0
7637 0 4.5
7638 2 1.0
7639 2 4.0
7640 3 4.5
7641 3 3.5
7642 5 4.5
7643 4 4.0
7644 4 4.5
7645 5 4.5
7646 2 3.5
7647 4 3.5
7648 4 4.5
7649 2 3.5
7650 3 4.5
7651 3 4.0
7652 3 5.0
7653 3 4.5
7654 4 5.0
7655 3 4.5
7656 3 4.0
7657 4 4.0
7658 4 4.0
7659 4 4.0
7660 4 4.0
7661 4 5.0
7662 3 4.0
7663 3 4.0
7664 4 4.0
7665 3 4.5
7666 4 4.0
7667 3 4.5
7668 3 3.5
7669 4 4.5
7670 3 4.5
7671 3 4.5
7672 3 4.0
7673 3 5.0
7674 3 4.0
7675 3 5.0
7676 3 4.5
7677 3 4.5
7678 3 4.0
7679 3 4.5
7680 3 4.5
7681 4 4.0
7682 3 4.0
7683 3 3.0
7684 3 4.5
7685 3 4.0
7686 3 5.0
7687 2 4.5
7688 0 4.0
7689 3 5.0
7690 2 4.5
7691 2 3.5
7692 4 4.0
7693 4 4.0
7694 0 3.5
7695 0 3.5
7696 3 0.0
7697 3 4.5
7698 4 4.5
7699 4 4.0
7700 4 4.0
7701 3 4.5
7702 3 4.5
7703 4 4.0
7704 2 3.0
7705 3 4.0
7706 4 4.0
7707 3 4.0
7708 3 3.5
7709 3 3.5
7710 4 4.5
7711 3 4.0
7712 3 3.5
7713 3 4.0
7714 2 4.0
7715 4 4.0
7716 4 4.0
7717 5 4.0
7718 3 3.5
7719 4 4.5
7720 4 4.0
7721 3 0.0
7722 4 4.0
7723 3 4.5
7724 2 3.5
7725 4 4.5
7726 3 4.5
7727 4 4.5
7728 3 4.5
7729 3 4.5
7730 2 3.5
7731 0 4.5
7732 4 4.5
7733 2 3.0
7734 4 4.5
7735 3 4.5
7736 3 4.0
7737 3 4.0
7738 2 3.5
7739 4 4.5
7740 3 4.5
7741 4 4.5
7742 3 3.0
7743 4 3.5
7744 3 4.0
7745 3 4.5
7746 2 3.5
7747 3 4.0
7748 2 3.0
7749 2 3.5
7750 3 4.0
7751 4 4.0
7752 4 3.0
7753 3 4.5
7754 3 4.5
7755 3 4.5
7756 2 4.5
7757 2 4.0
7758 3 3.0
7759 3 5.0
7760 5 0.0
7761 3 4.0
7762 2 3.5
7763 4 4.0
7764 2 3.5
7765 3 4.0
7766 0 5.0
7767 2 3.0
7768 3 5.0
7769 3 4.5
7770 0 4.0
7771 2 3.5
7772 2 3.0
7773 3 4.5
7774 2 4.0
7775 4 4.5
7776 3 4.0
7777 5 4.5
7778 5 4.5
7779 3 4.5
7780 4 4.0
7781 4 4.5
7782 3 4.5
7783 2 3.5
7784 2 4.0
7785 3 4.5
7786 3 4.5
7787 4 3.5
7788 4 4.5
7789 4 4.5
7790 2 4.0
7791 3 4.5
7792 3 4.0
7793 3 4.5
7794 4 4.5
7795 4 3.5
7796 4 4.0
7797 4 4.5
7798 4 4.0
7799 3 3.0
7800 3 3.0
7801 2 3.5
7802 3 4.5
7803 3 4.5
7804 3 4.0
7805 3 4.0
7806 2 3.5
7807 3 4.0
7808 2 4.5
7809 2 3.5
7810 3 3.5
7811 3 4.5
7812 2 4.5
7813 3 4.0
7814 3 3.5
7815 3 2.5
7816 2 4.0
7817 4 4.5
7818 3 3.5
7819 5 4.5
7820 3 4.0
7821 4 4.0
7822 3 3.5
7823 4 3.5
7824 3 4.5
7825 2 3.0
7826 4 4.0
7827 2 4.0
7828 2 3.0
7829 3 4.5
7830 2 3.5
7831 4 4.0
7832 4 4.0
7833 3 4.0
7834 3 3.5
7835 3 4.0
7836 2 4.5
7837 2 3.0
7838 4 4.0
7839 5 4.0
7840 3 4.0
7841 2 3.5
7842 2 3.0
7843 3 4.0
7844 2 4.0
7845 3 4.5
7846 3 5.0
7847 3 4.5
7848 3 4.0
7849 4 0.0
7850 2 4.0
7851 2 3.5
7852 4 4.0
7853 2 3.5
7854 3 4.0
7855 4 4.0
7856 4 4.0
7857 3 4.0
7858 4 3.5
7859 3 4.0
7860 3 3.5
7861 3 3.5
7862 3 4.5
7863 2 4.0
7864 3 4.5
7865 3 4.0
7866 4 3.5
7867 4 3.5
7868 4 4.0
7869 4 4.5
7870 3 4.0
7871 3 4.0
7872 4 4.0
7873 4 3.5
7874 5 4.5
7875 3 4.5
7876 3 4.0
7877 4 4.0
7878 3 3.5
7879 3 4.5
7880 2 3.5
7881 2 3.0
7882 3 4.0
7883 4 5.0
7884 2 3.5
7885 2 3.0
7886 3 5.0
7887 3 3.5
7888 2 3.5
7889 3 4.0
7890 5 4.5
7891 2 4.0
7892 3 4.0
7893 3 4.5
7894 4 4.5
7895 3 4.5
7896 3 4.0
7897 2 3.5
7898 2 4.5
7899 4 4.0
7900 3 5.0
7901 3 3.5
7902 3 4.0
7903 4 4.0
7904 0 3.5
7905 3 4.0
7906 3 4.0
7907 3 4.0
7908 4 4.0
7909 3 4.0
7910 5 4.0
7911 5 4.5
7912 5 4.5
7913 2 4.0
7914 3 4.0
7915 5 4.0
7916 2 0.0
7917 3 3.5
7918 3 4.5
7919 3 4.0
7920 2 4.0
7921 3 4.0
7922 4 4.0
7923 3 5.0
7924 5 4.5
7925 4 4.0
7926 4 4.0
7927 3 3.5
7928 3 3.5
7929 3 4.0
7930 3 4.5
7931 3 4.0
7932 3 3.5
7933 4 4.5
7934 5 4.5
7935 3 2.0
7936 5 4.5
7937 5 4.0
7938 5 4.5
7939 5 4.5
7940 5 4.5
7941 3 4.5
7942 2 3.5
7943 3 5.0
7944 5 5.0
7945 4 3.5
7946 3 4.0
7947 4 4.0
7948 5 4.0
7949 5 4.0
7950 1 2.0
7951 3 4.0
7952 3 4.5
7953 3 4.0
7954 4 4.5
7955 3 4.5
7956 3 4.5
7957 4 4.0
7958 5 4.5
7959 3 4.0
7960 4 4.5
7961 2 3.5
7962 2 3.5
7963 2 4.0
7964 4 4.0
7965 4 4.0
7966 3 0.0
7967 2 3.0
7968 2 3.0
7969 3 4.5
7970 4 4.5
7971 3 3.5
7972 2 3.5
7973 0 4.5
7974 2 4.0
7975 3 3.0
7976 3 3.5
7977 3 4.0
7978 3 2.0
7979 3 4.0
7980 3 3.0
7981 2 4.0
7982 3 4.0
7983 3 4.5
7984 4 4.5
7985 3 4.0
7986 3 4.0
7987 3 3.5
7988 2 4.0
7989 3 4.0
7990 3 4.0
7991 4 5.0
7992 4 4.0
7993 4 4.0
7994 4 4.0
7995 3 5.0
7996 3 4.5
7997 3 0.0
7998 4 4.0
7999 3 4.5
8000 2 3.0
8001 4 4.5
8002 4 4.5
8003 5 4.5
8004 4 4.0
8005 0 4.5
8006 2 2.5
8007 2 3.0
8008 0 4.5
8009 3 4.5
8010 4 4.5
8011 4 4.0
8012 4 4.5
8013 4 4.0
8014 3 3.5
8015 4 4.5
8016 3 4.5
8017 4 4.5
8018 2 2.5
8019 3 4.5
8020 4 4.0
8021 5 4.5
8022 5 4.5
8023 3 5.0
8024 0 4.5
8025 2 4.0
8026 2 3.0
8027 4 3.0
8028 4 3.0
8029 4 4.0
8030 4 4.0
8031 3 4.5
8032 4 4.5
8033 3 4.5
8034 4 4.0
8035 4 4.0
8036 4 4.5
8037 2 4.0
8038 3 4.5
8039 3 4.5
8040 4 4.0
8041 3 4.5
8042 4 4.0
8043 3 4.0
8044 4 4.5
8045 5 5.0
8046 4 4.5
8047 4 4.5
8048 3 4.5
8049 3 4.0
8050 3 4.0
8051 2 4.5
8052 3 4.0
8053 3 4.5
8054 3 4.0
8055 4 3.5
8056 3 4.0
8057 3 4.5
8058 2 4.0
8059 3 4.5
8060 2 2.0
8061 4 4.5
8062 2 3.0
8063 2 3.0
8064 3 4.5
8065 4 4.5
8066 3 3.5
8067 4 4.0
8068 4 4.0
8069 3 4.0
8070 3 4.0
8071 4 4.0
8072 3 2.5
8073 2 4.0
8074 3 3.5
8075 3 3.5
8076 3 4.5
8077 4 4.0
8078 3 4.5
8079 3 4.5
8080 3 4.5
8081 2 4.5
8082 3 3.5
8083 2 4.5
8084 2 3.5
8085 3 4.0
8086 4 4.0
8087 4 4.0
8088 3 4.0
8089 4 4.5
8090 2 3.5
8091 2 3.5
8092 2 3.0
8093 2 2.5
8094 3 4.0
8095 3 3.5
8096 4 4.5
8097 3 4.5
8098 3 4.0
8099 3 5.0
8100 4 4.5
8101 3 3.5
8102 4 4.0
8103 4 4.5
8104 4 4.5
8105 4 4.0
8106 4 4.0
8107 3 4.5
8108 3 4.5
8109 3 4.0
8110 3 3.5
8111 3 4.0
8112 3 4.0
8113 5 4.5
8114 4 4.5
8115 4 4.5
8116 2 3.5
8117 3 4.0
8118 3 3.5
8119 3 4.0
8120 2 3.5
8121 2 4.0
8122 2 3.5
8123 3 4.5
8124 2 3.5
8125 3 4.5
8126 4 4.0
8127 3 4.5
8128 4 4.0
8129 3 4.5
8130 4 4.5
8131 2 3.5
8132 2 2.5
8133 3 4.0
8134 4 4.5
8135 0 4.5
8136 4 5.0
8137 4 5.0
8138 3 3.5
8139 3 4.0
8140 4 4.0
8141 3 3.5
8142 3 3.0
8143 3 3.5
8144 4 4.0
8145 4 4.0
8146 4 4.0
8147 4 4.0
8148 4 4.0
8149 2 4.0
8150 4 4.0
8151 4 4.0
8152 0 4.5
8153 3 5.0
8154 3 4.5
8155 4 5.0
8156 3 4.0
8157 2 3.0
8158 3 5.0
8159 3 4.5
8160 3 4.0
8161 3 4.0
8162 4 4.0
8163 3 4.0
8164 3 4.5
8165 3 0.0
8166 3 4.5
8167 4 4.0
8168 3 3.0
8169 5 4.5
8170 5 4.5
8171 3 4.0
8172 3 4.5
8173 3 4.5
8174 4 4.0
8175 4 3.5
8176 0 4.5
8177 3 5.0
8178 2 3.5
8179 4 4.0
8180 3 4.0
8181 2 3.5
8182 3 4.5
8183 5 5.0
8184 4 4.0
8185 3 3.5
8186 2 4.0
8187 2 3.5
8188 4 4.0
8189 2 3.0
8190 3 4.5
8191 2 3.5
8192 2 4.0
8193 2 4.5
8194 3 5.0
8195 3 4.5
8196 4 3.5
8197 3 4.5
8198 3 5.0
8199 2 3.5
8200 4 4.0
8201 3 4.5
8202 3 3.5
8203 3 3.0
8204 3 4.5
8205 3 3.5
8206 3 4.0
8207 4 4.0
8208 4 4.0
8209 4 4.0
8210 4 4.0
8211 4 4.0
8212 2 3.0
8213 3 0.0
8214 3 5.0
8215 2 4.0
8216 4 4.5
8217 3 4.5
8218 3 4.5
8219 2 4.5
8220 2 4.0
8221 4 4.5
8222 4 3.5
8223 2 4.5
8224 3 4.5
8225 3 4.5
8226 5 4.5
8227 3 4.5
8228 3 4.5
8229 2 3.0
8230 3 3.0
8231 3 4.0
8232 4 4.0
8233 3 4.5
8234 2 3.5
8235 5 4.0
8236 4 4.0
8237 4 4.0
8238 3 4.0
8239 3 3.5
8240 5 5.0
8241 2 4.0
8242 4 4.5
8243 4 4.0
8244 3 4.0
8245 4 4.0
8246 4 4.0
8247 4 4.0
8248 4 4.0
8249 4 4.0
8250 2 3.5
8251 3 4.5
8252 2 3.5
8253 3 4.0
8254 2 4.0
8255 3 3.5
8256 4 4.5
8257 3 4.0
8258 5 4.5
8259 4 3.5
8260 2 4.0
8261 3 4.5
8262 4 4.0
8263 4 4.0
8264 3 4.5
8265 0 4.5
8266 4 5.0
8267 4 4.0
8268 2 3.0
8269 3 4.5
8270 4 4.0
8271 3 4.5
8272 2 3.0
8273 3 3.5
8274 3 4.0
8275 3 4.0
8276 4 3.5
8277 3 4.5
8278 3 4.5
8279 3 0.0
8280 4 3.5
8281 4 4.0
8282 4 0.0
8283 3 2.5
8284 3 4.0
8285 2 4.0
8286 2 3.5
8287 3 4.0
8288 4 4.0
8289 4 3.5
8290 2 4.5
8291 5 5.0
8292 5 4.0
8293 2 0.0
8294 3 4.5
8295 2 4.5
8296 3 4.5
8297 3 4.0
8298 3 4.0
8299 3 4.5
8300 4 4.0
8301 4 3.5
8302 4 4.5
8303 2 4.0
8304 4 5.0
8305 3 4.5
8306 3 4.0
8307 3 3.5
8308 3 4.5
8309 4 4.0
8310 3 3.5
8311 4 3.5
8312 3 4.5
8313 3 3.5
8314 3 4.0
8315 3 4.5
8316 4 4.0
8317 2 4.0
8318 3 4.0
8319 3 0.0
8320 2 3.5
8321 3 5.0
8322 2 4.0
8323 2 4.0
8324 4 4.5
8325 4 4.0
8326 2 4.0
8327 3 4.0
8328 2 4.0
8329 3 3.5
8330 3 5.0
8331 3 4.5
8332 3 4.0
8333 2 4.5
8334 0 4.5
8335 3 4.5
8336 3 4.5
8337 4 4.0
8338 3 3.5
8339 3 4.0
8340 4 4.5
8341 2 3.5
8342 3 4.5
8343 3 4.0
