7 1
17 2
4 3
12 3
3 4
10 5
9 6
1 7
8 7
15 7
7 8
6 9
10 9
13 9
5 10
9 10
11 10
10 11
12 11
44 11
3 12
11 12
21 12
9 13
19 13
15 14
7 15
14 15
16 15
15 16
17 16
35 16
2 17
16 17
32 17
19 18
13 19
18 19
20 19
19 20
23 20
52 20
12 21
22 21
24 21
21 22
40 22
20 23
45 23
21 24
32 24
26 25
25 26
27 26
29 26
26 27
30 27
31 27
29 28
36 28
26 29
28 29
30 29
27 30
29 30
37 30
27 31
38 31
17 32
24 32
35 32
42 32
34 33
35 33
41 33
33 34
16 35
32 35
33 35
43 35
28 36
39 36
30 37
39 37
31 38
39 38
45 38
36 39
37 39
38 39
48 39
22 40
72 40
33 41
47 41
32 42
53 42
35 43
55 43
11 44
57 44
23 45
38 45
50 45
47 46
41 47
46 47
61 47
39 48
49 48
51 48
48 49
86 49
45 50
51 50
65 50
48 51
50 51
121 51
20 52
129 52
42 53
54 53
71 53
53 54
55 54
43 55
54 55
56 55
60 55
55 56
63 56
44 57
58 57
70 57
57 58
82 58
67 59
55 60
62 60
63 60
47 61
63 61
64 61
60 62
66 62
68 62
56 63
60 63
61 63
69 63
61 64
50 65
120 65
125 65
62 66
79 66
59 67
88 67
98 67
62 68
90 68
63 69
93 69
57 70
81 70
53 71
75 71
40 72
74 72
182 73
72 74
76 74
71 75
79 75
74 76
77 76
76 77
78 77
83 77
77 78
81 78
66 79
75 79
83 79
81 80
82 80
70 81
78 81
80 81
89 81
58 82
80 82
95 82
77 83
79 83
84 83
85 83
83 84
96 84
83 85
94 85
49 86
88 86
147 87
67 88
86 88
109 88
81 89
91 89
68 90
92 90
93 90
158 90
89 91
96 91
99 91
90 92
94 92
69 93
90 93
103 93
85 94
92 94
96 94
101 94
82 95
131 95
84 96
91 96
94 96
100 96
102 97
67 98
119 98
91 99
142 99
96 100
153 100
94 101
124 101
97 102
116 102
147 102
93 103
104 103
103 104
105 104
106 104
107 104
104 105
115 105
104 106
104 107
108 107
107 108
110 108
111 108
88 109
136 109
137 109
108 110
113 110
114 110
108 111
114 112
110 113
115 113
110 114
112 114
117 114
105 115
113 115
156 115
102 116
114 117
168 117
119 118
155 118
191 118
98 119
118 119
154 119
65 120
123 120
51 121
122 121
121 122
141 122
120 123
126 123
101 124
143 124
150 124
65 125
130 125
140 125
123 126
130 126
144 126
129 127
133 127
188 127
129 128
132 128
52 129
127 129
128 129
125 130
126 130
146 130
95 131
133 131
128 132
140 132
127 133
131 133
216 133
135 134
136 134
134 135
141 135
109 136
134 136
137 136
219 136
109 137
136 137
138 137
137 138
139 138
199 138
138 139
164 139
125 140
132 140
145 140
122 141
135 141
151 141
99 142
152 142
124 143
160 143
126 144
148 144
140 145
159 145
130 146
271 146
87 147
102 147
183 147
144 148
149 148
197 148
148 149
151 149
198 149
124 150
153 150
178 150
141 151
149 151
266 151
142 152
153 152
165 152
100 153
150 153
152 153
172 153
119 154
190 154
118 155
164 155
191 155
115 156
158 156
162 156
187 157
252 157
90 158
156 158
163 158
145 159
188 159
143 160
161 160
169 160
160 161
163 161
156 162
163 162
167 162
158 163
161 163
162 163
166 163
139 164
155 164
194 164
152 165
170 165
163 166
167 166
174 166
162 167
166 167
175 167
117 168
171 168
175 168
195 168
160 169
173 169
180 169
165 170
193 170
168 171
153 172
189 172
169 173
176 173
166 174
180 174
167 175
168 175
185 175
173 176
177 176
176 177
179 177
150 178
181 178
177 179
181 179
169 180
174 180
186 180
178 181
179 181
189 181
202 181
73 182
184 182
147 183
184 183
182 184
183 184
200 184
175 185
195 185
180 186
202 186
223 186
157 187
200 187
127 188
159 188
196 188
172 189
181 189
210 189
224 189
154 190
252 190
333 190
118 191
155 191
194 191
206 191
193 192
209 192
170 193
192 193
213 193
164 194
191 194
199 194
168 195
185 195
225 195
188 196
220 196
227 196
148 197
198 197
273 197
149 198
197 198
287 198
138 199
194 199
201 199
184 200
187 200
242 200
199 201
203 201
204 201
181 202
186 202
222 202
201 203
208 203
201 204
207 204
206 205
231 205
265 205
191 206
205 206
265 206
204 207
208 207
214 207
203 208
207 208
217 208
192 209
211 209
213 209
189 210
212 210
209 211
216 211
210 212
213 212
193 213
209 213
212 213
280 213
207 214
215 214
217 214
214 215
238 215
133 216
211 216
218 216
208 217
214 217
221 217
216 218
226 218
136 219
234 219
196 220
233 220
217 221
230 221
235 221
202 222
275 222
186 223
281 223
189 224
274 224
195 225
268 225
218 226
228 226
232 226
196 227
229 227
226 228
229 228
227 229
228 229
232 229
233 229
221 230
231 230
205 231
230 231
243 231
226 232
229 232
246 232
220 233
229 233
245 233
219 234
236 234
237 234
221 235
244 235
234 236
237 236
240 236
234 237
236 237
239 237
215 238
239 238
241 238
237 239
238 239
236 240
251 240
238 241
253 241
200 242
269 242
231 243
244 243
235 244
243 244
260 244
233 245
247 245
248 245
232 246
249 246
245 247
249 247
245 248
250 248
246 249
247 249
250 249
254 249
248 250
249 250
255 250
240 251
256 251
257 251
157 252
190 252
269 252
241 253
259 253
249 254
294 254
250 255
264 255
251 256
257 256
261 256
251 257
256 257
258 257
257 258
262 258
285 258
253 259
260 259
261 259
244 260
259 260
345 260
256 261
259 261
258 262
266 262
264 263
270 263
317 263
255 264
263 264
205 265
206 265
320 265
151 266
262 266
272 266
268 267
225 268
267 268
283 268
242 269
252 269
333 269
263 270
278 270
328 270
146 271
273 271
278 271
266 272
292 272
324 272
197 273
271 273
279 273
224 274
276 274
277 274
304 274
222 275
277 275
282 275
274 276
280 276
274 277
275 277
270 278
271 278
273 279
286 279
288 279
213 280
276 280
291 280
223 281
282 281
283 281
302 281
275 282
281 282
305 282
268 283
281 283
284 283
283 284
301 284
258 285
348 285
279 286
288 286
290 286
198 287
293 287
279 288
286 288
289 288
288 289
306 289
286 290
293 290
280 291
300 291
272 292
296 292
287 293
290 293
295 293
254 294
298 294
300 294
293 295
296 295
299 295
292 296
295 296
297 296
296 297
324 297
294 298
316 298
336 298
295 299
330 299
291 300
294 300
318 300
284 301
302 301
315 301
281 302
301 302
305 302
313 302
304 303
305 303
274 304
303 304
309 304
312 304
282 305
302 305
303 305
314 305
289 306
326 306
308 307
319 307
307 308
311 308
304 309
310 309
309 310
311 310
308 311
310 311
304 312
321 312
302 313
358 313
305 314
356 314
301 315
353 315
298 316
317 316
263 317
316 317
322 317
300 318
319 318
349 318
307 319
318 319
265 320
370 320
312 321
323 321
398 321
317 322
327 322
334 322
321 323
272 324
297 324
331 324
332 324
326 325
329 325
413 325
306 326
325 326
344 326
322 327
328 327
397 327
270 328
327 328
329 328
325 329
328 329
379 329
299 330
341 330
324 331
338 331
324 332
335 332
190 333
269 333
347 333
322 334
336 334
332 335
337 335
338 335
298 336
334 336
339 336
335 337
348 337
331 338
335 338
340 338
336 339
349 339
373 339
338 340
341 340
468 340
330 341
340 341
344 341
467 341
343 342
352 342
342 343
326 344
341 344
260 345
346 345
374 345
345 346
389 346
333 347
354 347
285 348
337 348
351 348
318 349
339 349
350 349
372 349
349 350
352 350
348 351
389 351
430 351
342 352
350 352
402 352
315 353
362 353
347 354
393 354
361 355
314 356
357 356
358 356
520 356
356 357
400 357
313 358
356 358
359 358
490 358
358 359
360 359
378 359
359 360
362 360
355 361
363 361
365 361
353 362
360 362
363 362
361 363
362 363
365 363
365 364
361 365
363 365
364 365
366 365
365 366
367 366
377 366
366 367
369 368
374 368
368 369
370 369
320 370
369 370
371 370
416 370
370 371
416 371
349 372
373 372
408 372
339 373
372 373
411 373
345 374
368 374
375 374
376 374
374 375
390 375
374 376
391 376
366 377
383 377
359 378
387 378
329 379
397 379
462 379
381 380
380 381
383 381
384 382
385 382
377 383
381 383
385 383
394 383
382 384
387 384
382 385
383 385
389 386
392 386
418 386
378 387
384 387
388 387
387 388
492 388
346 389
351 389
386 389
432 389
375 390
391 390
395 390
376 391
390 391
392 391
386 392
391 392
354 393
407 393
383 394
399 394
390 395
405 395
405 396
327 397
379 397
404 397
321 398
401 398
394 399
410 399
357 400
403 400
398 401
402 401
403 401
352 402
401 402
400 403
401 403
406 403
424 403
397 404
414 404
462 404
395 405
396 405
409 405
403 406
463 406
393 407
420 407
372 408
440 408
405 409
417 409
431 409
399 410
415 410
519 410
373 411
412 411
411 412
414 412
593 412
325 413
456 413
404 414
412 414
410 415
370 416
371 416
417 416
409 417
416 417
421 417
386 418
422 418
420 419
423 419
407 420
419 420
425 420
417 421
423 421
418 422
434 422
454 422
419 423
421 423
426 423
403 424
461 424
420 425
426 425
423 426
425 426
427 426
426 427
428 427
427 428
433 428
437 429
351 430
493 430
409 431
433 431
389 432
460 432
428 433
431 433
435 433
436 433
422 434
465 434
433 435
438 435
433 436
444 436
429 437
439 437
435 438
439 438
437 439
438 439
441 439
408 440
443 440
533 440
439 441
442 441
441 442
440 443
461 443
436 444
445 444
444 445
446 445
447 445
445 446
451 446
445 447
457 447
456 448
503 448
450 449
453 449
449 450
451 450
452 450
446 451
450 451
450 452
502 452
449 453
455 453
422 454
455 454
453 455
454 455
458 455
413 456
448 456
546 456
447 457
455 458
459 458
458 459
466 459
432 460
476 460
486 460
424 461
443 461
464 461
379 462
404 462
512 462
406 463
522 463
461 464
523 464
434 465
469 465
459 466
469 466
341 467
468 467
535 467
340 468
467 468
534 468
465 469
466 469
470 469
472 469
469 470
473 470
474 471
475 471
469 472
483 472
470 473
475 473
471 474
476 474
471 475
473 475
477 475
460 476
474 476
478 476
475 477
479 477
476 478
481 478
477 479
480 479
479 480
481 480
478 481
480 481
482 481
484 481
481 482
487 482
472 483
498 483
481 484
485 484
484 485
491 485
460 486
488 486
482 487
488 487
486 488
487 488
489 488
488 489
496 489
358 490
495 490
485 491
505 491
388 492
495 492
430 493
501 493
528 493
557 493
497 494
501 494
490 495
492 495
499 495
500 495
489 496
504 496
494 497
505 497
483 498
502 498
495 499
506 499
495 500
515 500
493 501
494 501
508 501
452 502
498 502
525 502
448 503
555 503
496 504
509 504
491 505
497 505
510 505
499 506
518 506
523 507
501 508
509 508
504 509
508 509
510 509
514 509
505 510
509 510
521 511
525 511
462 512
587 512
520 513
522 513
509 514
556 514
500 515
516 515
519 515
530 515
515 516
518 516
518 517
520 517
506 518
516 518
517 518
527 518
410 519
515 519
532 519
356 520
513 520
517 520
511 521
463 522
513 522
538 522
464 523
507 523
537 523
525 524
502 525
511 525
524 525
574 526
518 527
531 527
493 528
536 528
533 529
515 530
622 530
527 531
540 531
519 532
615 532
440 533
529 533
565 533
468 534
535 534
536 534
467 535
534 535
547 535
528 536
534 536
563 536
523 537
544 537
550 537
522 538
539 538
541 538
538 539
544 539
594 539
531 540
543 540
538 541
542 541
541 542
543 542
540 543
542 543
545 543
537 544
539 544
572 544
543 545
551 545
456 546
552 546
535 547
548 547
549 547
547 548
592 548
602 548
547 549
554 549
537 550
562 550
575 550
545 551
591 551
546 552
553 552
554 552
552 553
577 553
549 554
552 554
590 554
503 555
576 555
514 556
560 556
493 557
558 557
564 557
557 558
559 558
570 558
558 559
560 559
556 560
559 560
561 560
560 561
567 561
550 562
565 562
536 563
564 563
637 563
557 564
563 564
533 565
562 565
568 565
579 565
568 566
575 566
561 567
569 567
565 568
566 568
578 568
567 569
570 569
571 569
558 570
569 570
569 571
573 571
544 572
608 572
624 572
571 573
647 573
526 574
651 574
550 575
566 575
604 575
555 576
580 576
553 577
580 577
568 578
606 578
565 579
582 579
576 580
577 580
581 580
589 580
580 581
584 581
585 581
579 582
583 582
582 583
600 583
606 583
581 584
587 584
581 585
586 585
607 585
585 586
589 586
512 587
584 587
596 587
589 588
590 588
580 589
586 589
588 589
657 589
554 590
588 590
612 590
551 591
598 591
548 592
602 592
609 592
412 593
595 593
596 593
539 594
599 594
593 595
597 595
587 596
593 596
595 597
600 597
677 597
591 598
599 598
603 598
594 599
598 599
601 599
583 600
597 600
599 601
610 601
548 602
592 602
634 602
598 603
611 603
575 604
605 604
608 604
658 604
604 605
606 605
578 606
583 606
605 606
733 606
585 607
656 607
572 608
604 608
624 608
592 609
612 609
601 610
620 610
603 611
613 611
590 612
609 612
636 612
611 613
618 613
615 614
532 615
614 615
621 615
618 616
620 616
618 617
623 617
613 618
616 618
617 618
619 618
618 619
626 619
610 620
616 620
627 620
615 621
622 621
631 621
530 622
621 622
623 622
617 623
622 623
572 624
608 624
625 624
671 624
624 625
627 625
619 626
628 626
620 627
625 627
629 627
635 627
626 628
632 628
627 629
633 629
631 630
621 631
630 631
646 631
628 632
633 632
629 633
632 633
641 633
602 634
639 634
627 635
640 635
612 636
668 636
563 637
638 637
642 637
655 637
637 638
650 638
634 639
642 639
659 639
635 640
643 640
633 641
643 641
637 642
639 642
640 643
641 643
644 643
645 643
643 644
670 644
643 645
669 645
631 646
683 646
688 646
573 647
648 647
647 648
649 648
651 648
652 648
648 649
650 649
638 650
649 650
654 650
574 651
648 651
648 652
653 652
652 653
660 653
650 654
661 654
637 655
666 655
607 656
681 656
589 657
691 657
604 658
663 658
672 658
639 659
665 659
668 659
653 660
662 660
654 661
662 661
660 662
661 662
664 662
658 663
662 664
694 664
659 665
666 665
667 665
655 666
665 666
758 666
665 667
706 667
636 668
659 668
680 668
645 669
689 669
644 670
685 670
624 671
673 671
658 672
753 672
671 673
674 673
673 674
675 674
674 675
684 675
678 676
597 677
678 677
704 677
676 678
677 678
681 678
705 678
680 679
691 679
668 680
679 680
724 680
656 681
678 681
702 681
683 682
646 683
682 683
688 683
693 683
675 684
687 684
670 685
687 685
688 686
689 686
684 687
685 687
690 687
646 688
683 688
686 688
692 688
669 689
686 689
714 689
687 690
696 690
657 691
679 691
722 691
688 692
744 692
683 693
762 693
664 694
700 694
699 695
690 696
703 696
698 697
734 697
697 698
700 698
695 699
700 699
694 700
698 700
699 700
701 700
700 701
726 701
681 702
707 702
710 702
696 703
709 703
677 704
705 704
717 704
678 705
704 705
710 705
667 706
712 706
702 707
715 707
709 708
716 708
703 709
708 709
713 709
702 710
705 710
711 710
718 710
710 711
715 711
706 712
721 712
709 713
763 713
689 714
716 714
754 714
707 715
711 715
719 715
708 716
714 716
704 717
727 717
710 718
732 718
715 719
720 719
719 720
725 720
712 721
783 721
691 722
723 722
740 722
722 723
724 723
680 724
723 724
793 724
720 725
736 725
701 726
729 726
717 727
728 727
732 727
727 728
731 728
726 729
734 729
738 729
731 730
733 730
728 731
730 731
752 731
718 732
727 732
735 732
741 732
606 733
730 733
755 733
697 734
729 734
746 734
732 735
736 735
725 736
735 736
737 736
739 736
736 737
740 737
729 738
799 738
736 739
742 739
722 740
737 740
784 740
732 741
745 741
739 742
743 742
742 743
747 743
692 744
748 744
741 745
747 745
734 746
751 746
789 746
743 747
745 747
749 747
744 748
750 748
747 749
785 749
748 750
786 750
746 751
758 751
731 752
794 752
672 753
756 753
714 754
779 754
780 754
733 755
759 755
795 755
753 756
757 756
765 756
756 757
760 757
666 758
751 758
767 758
755 759
760 759
757 760
759 760
774 760
762 761
693 762
761 762
788 762
713 763
769 763
766 764
778 764
756 765
766 765
768 765
764 766
765 766
758 767
781 767
820 767
765 768
770 768
763 769
771 769
768 770
771 770
769 771
770 771
772 771
773 771
771 772
777 772
771 773
810 773
760 774
776 774
776 775
782 775
774 776
775 776
777 776
772 777
776 777
764 778
779 778
754 779
778 779
780 779
787 779
754 780
779 780
786 780
806 780
767 781
783 781
819 781
775 782
797 782
721 783
781 783
792 783
740 784
814 784
749 785
811 785
750 786
780 786
790 786
807 786
779 787
805 787
762 788
791 788
860 788
746 789
808 789
786 790
791 790
788 791
790 791
879 791
783 792
804 792
724 793
804 793
813 793
752 794
796 794
755 795
812 795
794 796
812 796
782 797
825 797
801 798
738 799
802 799
802 800
809 800
798 801
802 801
799 802
800 802
801 802
803 802
802 803
822 803
792 804
793 804
813 804
823 804
787 805
837 805
780 806
853 806
786 807
859 807
789 808
809 808
821 808
800 809
808 809
773 810
837 810
785 811
817 811
842 811
795 812
796 812
824 812
793 813
804 813
823 813
827 813
784 814
815 814
838 814
814 815
816 815
885 815
815 816
886 816
811 817
818 817
817 818
840 818
843 818
781 819
872 819
767 820
832 820
808 821
832 821
803 822
939 822
804 823
813 823
863 823
812 824
826 824
797 825
826 825
824 826
825 826
828 826
829 826
813 827
838 827
826 828
833 828
826 829
830 829
829 830
831 830
960 830
830 831
841 831
820 832
821 832
874 832
828 833
834 833
833 834
835 834
836 834
834 835
869 835
834 836
969 836
805 837
810 837
839 837
841 837
814 838
827 838
867 838
878 838
837 839
841 839
849 839
818 840
847 840
831 841
837 841
839 841
946 841
811 842
844 842
818 843
852 843
907 843
842 844
845 844
846 844
844 845
905 845
844 846
858 846
840 847
851 847
862 847
849 848
850 848
839 849
848 849
973 849
848 850
853 850
847 851
852 851
843 852
851 852
866 852
909 852
806 853
850 853
854 853
865 853
853 854
901 854
856 855
855 856
857 856
856 857
860 857
846 858
861 858
871 858
807 859
865 859
788 860
857 860
875 860
858 861
862 861
847 862
861 862
864 862
823 863
889 863
893 863
862 864
876 864
912 864
853 865
859 865
877 865
852 866
912 866
838 867
868 867
878 867
919 867
867 868
890 868
835 869
881 869
872 870
893 870
858 871
873 871
819 872
870 872
895 872
966 872
871 873
876 873
832 874
880 874
884 874
860 875
899 875
864 876
873 876
865 877
882 877
891 877
838 878
867 878
885 878
791 879
899 879
874 880
887 880
869 881
883 881
902 881
877 882
898 882
901 882
881 883
907 883
874 884
897 884
815 885
878 885
888 885
816 886
892 886
880 887
896 887
885 888
908 888
863 889
890 889
893 889
903 889
868 890
889 890
903 890
877 891
900 891
886 892
863 893
870 893
889 893
904 893
896 894
937 894
872 895
897 895
887 896
894 896
897 896
929 896
884 897
895 897
896 897
931 897
882 898
910 898
875 899
879 899
900 899
1047 899
891 900
899 900
854 901
882 901
906 901
913 901
881 902
916 902
889 903
890 903
904 903
920 903
893 904
903 904
922 904
845 905
911 905
901 906
910 906
843 907
883 907
909 907
918 907
888 908
911 908
852 909
907 909
925 909
898 910
906 910
971 910
905 911
908 911
914 911
915 911
864 912
866 912
928 912
901 913
957 913
911 914
917 914
911 915
921 915
902 916
923 916
914 917
928 917
907 918
923 918
867 919
977 919
903 920
927 920
915 921
932 921
904 922
927 922
916 923
918 923
924 923
926 923
923 924
959 924
909 925
928 925
923 926
935 926
920 927
922 927
986 927
912 928
917 928
925 928
930 928
896 929
931 929
928 930
933 930
934 930
952 930
897 931
929 931
963 931
921 932
961 932
930 933
947 933
930 934
936 934
926 935
938 935
934 936
938 936
894 937
944 937
935 938
936 938
940 938
942 938
822 939
943 939
938 940
959 940
943 941
979 941
938 942
950 942
939 943
941 943
944 943
945 943
937 944
943 944
943 945
997 945
841 946
958 946
933 947
949 947
949 948
951 948
947 949
948 949
950 949
953 949
942 950
949 950
948 951
955 951
930 952
954 952
949 953
1021 953
952 954
955 954
951 955
954 955
956 955
955 956
967 956
913 957
970 957
946 958
960 958
972 958
924 959
940 959
991 959
1012 959
830 960
958 960
968 960
932 961
962 961
977 961
961 962
965 962
931 963
964 963
963 964
982 964
962 965
974 965
872 966
981 966
956 967
974 967
960 968
983 968
836 969
983 969
957 970
1022 970
910 971
1077 971
958 972
1005 972
849 973
1022 973
965 974
967 974
975 974
976 974
974 975
1081 975
974 976
1036 976
919 977
961 977
993 977
979 978
941 979
978 979
990 979
982 980
989 980
966 981
985 981
1006 981
1007 981
964 982
980 982
988 982
1020 982
968 983
969 983
984 983
983 984
991 984
981 985
989 985
1018 985
927 986
1032 986
988 987
992 987
982 988
987 988
980 989
985 989
1014 989
979 990
1015 990
1052 990
959 991
984 991
995 991
1009 991
987 992
996 992
1004 992
977 993
1003 993
1027 993
1005 994
1023 994
991 995
1059 995
992 996
998 996
945 997
999 997
996 998
999 998
997 999
998 999
1000 999
1001 999
999 1000
1051 1000
999 1001
1050 1001
1003 1002
1029 1002
993 1003
1002 1003
1027 1003
992 1004
1008 1004
972 1005
994 1005
1059 1005
1142 1005
981 1006
1007 1006
1035 1006
981 1007
1006 1007
1018 1007
1042 1007
1004 1008
1033 1008
991 1009
1013 1009
1011 1010
1025 1010
1010 1011
1013 1011
959 1012
1025 1012
1009 1013
1011 1013
1202 1013
989 1014
1017 1014
1019 1014
990 1015
1016 1015
1053 1015
1015 1016
1014 1017
1020 1017
985 1018
1007 1018
1019 1018
1041 1018
1014 1019
1018 1019
1045 1019
982 1020
1017 1020
1147 1020
953 1021
1024 1021
1046 1021
1074 1021
970 1022
973 1022
1023 1022
1026 1022
994 1023
1022 1023
1186 1023
1021 1024
1025 1024
1010 1025
1012 1025
1024 1025
1022 1026
1077 1026
1211 1026
993 1027
1003 1027
1028 1027
1027 1028
1030 1028
1002 1029
1031 1029
1028 1030
1034 1030
1055 1030
1029 1031
1060 1031
986 1032
1037 1032
1060 1032
1008 1033
1071 1033
1030 1034
1043 1034
1006 1035
1040 1035
976 1036
1043 1036
1032 1037
1038 1037
1037 1038
1040 1038
1044 1039
1057 1039
1035 1040
1038 1040
1018 1041
1087 1041
1007 1042
1138 1042
1034 1043
1036 1043
1049 1043
1054 1043
1039 1044
1047 1044
1061 1044
1019 1045
1087 1045
1021 1046
1085 1046
899 1047
1044 1047
1048 1047
1061 1047
1047 1048
1077 1048
1043 1049
1064 1049
1001 1050
1058 1050
1000 1051
1063 1051
990 1052
1062 1052
1015 1053
1095 1053
1043 1054
1139 1054
1030 1055
1056 1055
1069 1055
1055 1056
1066 1056
1039 1057
1050 1058
1067 1058
995 1059
1005 1059
1142 1059
1031 1060
1032 1060
1070 1060
1100 1060
1044 1061
1047 1061
1093 1061
1052 1062
1068 1062
1051 1063
1068 1063
1049 1064
1066 1064
1067 1065
1068 1065
1056 1066
1064 1066
1076 1066
1058 1067
1065 1067
1075 1067
1062 1068
1063 1068
1065 1068
1092 1068
1055 1069
1079 1069
1108 1069
1060 1070
1079 1070
1033 1071
1072 1071
1071 1072
1073 1072
1131 1072
1072 1073
1080 1073
1021 1074
1305 1074
1067 1075
1078 1075
1066 1076
1109 1076
971 1077
1026 1077
1048 1077
1130 1077
1075 1078
1083 1078
1069 1079
1070 1079
1116 1079
1073 1080
1082 1080
975 1081
1088 1081
1107 1081
1080 1082
1083 1082
1078 1083
1082 1083
1084 1083
1083 1084
1086 1084
1046 1085
1088 1085
1310 1085
1084 1086
1094 1086
1041 1087
1045 1087
1140 1087
1081 1088
1085 1088
1107 1088
1090 1089
1091 1089
1089 1090
1099 1090
1089 1091
1092 1091
1068 1092
1091 1092
1097 1092
1061 1093
1105 1093
1118 1093
1086 1094
1098 1094
1053 1095
1096 1095
1143 1095
1095 1096
1099 1096
1155 1096
1092 1097
1101 1097
1151 1097
1094 1098
1104 1098
1090 1099
1096 1099
1152 1099
1060 1100
1102 1100
1097 1101
1103 1101
1100 1102
1138 1102
1101 1103
1104 1103
1098 1104
1103 1104
1106 1104
1093 1105
1201 1105
1104 1106
1115 1106
1081 1107
1088 1107
1163 1107
1354 1107
1069 1108
1110 1108
1076 1109
1110 1109
1108 1110
1109 1110
1111 1110
1113 1110
1110 1111
1112 1111
1113 1111
1111 1112
1132 1112
1110 1113
1111 1113
1114 1113
1113 1114
1119 1114
1106 1115
1120 1115
1079 1116
1129 1116
1133 1117
1135 1117
1093 1118
1130 1118
1114 1119
1122 1119
1115 1120
1121 1120
1120 1121
1125 1121
1136 1121
1119 1122
1123 1122
1124 1122
1122 1123
1127 1123
1122 1124
1126 1124
1121 1125
1157 1125
1124 1126
1132 1126
1137 1126
1123 1127
1148 1127
1129 1128
1141 1128
1116 1129
1128 1129
1133 1129
1145 1129
1077 1130
1118 1130
1149 1130
1072 1131
1150 1131
1112 1132
1126 1132
1173 1132
1198 1132
1117 1133
1129 1133
1134 1133
1180 1133
1133 1134
1135 1134
1117 1135
1134 1135
1159 1135
1121 1136
1182 1136
1126 1137
1141 1137
1042 1138
1102 1138
1140 1138
1161 1138
1054 1139
1166 1139
1087 1140
1138 1140
1146 1140
1128 1141
1137 1141
1153 1141
1005 1142
1059 1142
1193 1142
1095 1143
1155 1143
1164 1143
1165 1144
1129 1145
1154 1145
1140 1146
1147 1146
1217 1146
1020 1147
1146 1147
1150 1147
1223 1147
1127 1148
1154 1148
1130 1149
1197 1149
1209 1149
1131 1150
1147 1150
1156 1150
1168 1150
1097 1151
1152 1151
1195 1151
1099 1152
1151 1152
1155 1152
1224 1152
1141 1153
1177 1153
1205 1153
1145 1154
1148 1154
1158 1154
1160 1154
1096 1155
1143 1155
1152 1155
1150 1156
1191 1156
1125 1157
1170 1157
1154 1158
1178 1158
1135 1159
1162 1159
1165 1159
1154 1160
1167 1160
1138 1161
1162 1161
1159 1162
1161 1162
1249 1162
1107 1163
1169 1163
1143 1164
1196 1164
1216 1164
1144 1165
1159 1165
1212 1165
1139 1166
1169 1166
1160 1167
1177 1167
1179 1167
1150 1168
1172 1168
1163 1169
1166 1169
1174 1169
1176 1169
1157 1170
1171 1170
1170 1171
1172 1171
1168 1172
1171 1172
1175 1172
1132 1173
1174 1173
1169 1174
1173 1174
1181 1174
1172 1175
1241 1175
1169 1176
1181 1176
1184 1176
1153 1177
1167 1177
1185 1177
1204 1177
1158 1178
1183 1178
1167 1179
1180 1179
1133 1180
1179 1180
1185 1180
1208 1180
1174 1181
1176 1181
1199 1181
1136 1182
1187 1182
1178 1183
1192 1183
1176 1184
1210 1184
1213 1184
1177 1185
1180 1185
1200 1185
1023 1186
1231 1186
1182 1187
1188 1187
1190 1187
1194 1187
1187 1188
1189 1188
1188 1189
1195 1189
1187 1190
1191 1190
1156 1191
1190 1191
1215 1191
1183 1192
1206 1192
1142 1193
1203 1193
1187 1194
1236 1194
1151 1195
1189 1195
1246 1195
1164 1196
1216 1196
1224 1196
1149 1197
1207 1197
1132 1198
1205 1198
1181 1199
1296 1199
1185 1200
1226 1200
1105 1201
1207 1201
1222 1201
1013 1202
1214 1202
1221 1202
1193 1203
1239 1203
1251 1203
1177 1204
1205 1204
1227 1204
1153 1205
1198 1205
1204 1205
1228 1205
1192 1206
1229 1206
1197 1207
1201 1207
1309 1207
1180 1208
1218 1208
1149 1209
1268 1209
1184 1210
1348 1210
1026 1211
1270 1211
1165 1212
1218 1212
1184 1213
1347 1213
1202 1214
1219 1214
1535 1214
1191 1215
1243 1215
1164 1216
1196 1216
1317 1216
1146 1217
1223 1217
1230 1217
1253 1217
1208 1218
1212 1218
1247 1218
1214 1219
1239 1219
1222 1220
1202 1221
1237 1221
1201 1222
1220 1222
1413 1222
1147 1223
1217 1223
1240 1223
1253 1223
1152 1224
1196 1224
1232 1224
1226 1225
1227 1225
1200 1226
1225 1226
1233 1226
1204 1227
1225 1227
1228 1227
1281 1227
1205 1228
1227 1228
1279 1228
1206 1229
1235 1229
1217 1230
1252 1230
1186 1231
1254 1231
1266 1231
1224 1232
1234 1232
1313 1232
1226 1233
1235 1233
1232 1234
1258 1234
1300 1234
1229 1235
1233 1235
1238 1235
1248 1235
1194 1236
1242 1236
1221 1237
1256 1237
1271 1237
1235 1238
1247 1238
1203 1239
1219 1239
1251 1239
1265 1239
1223 1240
1262 1240
1175 1241
1257 1241
1236 1242
1244 1242
1255 1242
1215 1243
1244 1243
1242 1244
1243 1244
1246 1245
1250 1245
1195 1246
1245 1246
1273 1246
1218 1247
1238 1247
1249 1247
1235 1248
1274 1248
1162 1249
1247 1249
1252 1249
1297 1249
1245 1250
1260 1250
1203 1251
1239 1251
1254 1251
1285 1251
1230 1252
1249 1252
1322 1252
1217 1253
1223 1253
1327 1253
1231 1254
1251 1254
1266 1254
1242 1255
1301 1255
1237 1256
1305 1256
1241 1257
1263 1257
1234 1258
1259 1258
1258 1259
1260 1259
1261 1259
1250 1260
1259 1260
1259 1261
1272 1261
1240 1262
1263 1262
1257 1263
1262 1263
1264 1263
1263 1264
1283 1264
1239 1265
1284 1265
1231 1266
1254 1266
1267 1266
1278 1266
1266 1267
1270 1267
1209 1268
1269 1268
1275 1268
1493 1268
1268 1269
1270 1269
1443 1269
1211 1270
1267 1270
1269 1270
1237 1271
1435 1271
1261 1272
1276 1272
1246 1273
1282 1273
1248 1274
1286 1274
1268 1275
1309 1275
1272 1276
1277 1276
1282 1276
1276 1277
1300 1277
1320 1277
1266 1278
1291 1278
1228 1279
1280 1279
1281 1279
1344 1279
1279 1280
1295 1280
1227 1281
1279 1281
1293 1281
1345 1281
1273 1282
1276 1282
1315 1282
1264 1283
1292 1283
1265 1284
1287 1284
1251 1285
1287 1285
1274 1286
1288 1286
1303 1286
1284 1287
1285 1287
1289 1287
1540 1287
1286 1288
1302 1288
1287 1289
1290 1289
1289 1290
1291 1290
1278 1291
1290 1291
1403 1291
1283 1292
1294 1292
1298 1292
1281 1293
1333 1293
1292 1294
1314 1294
1280 1295
1299 1295
1311 1295
1199 1296
1299 1296
1249 1297
1304 1297
1292 1298
1325 1298
1295 1299
1296 1299
1311 1299
1234 1300
1277 1300
1313 1300
1356 1300
1255 1301
1316 1301
1288 1302
1304 1302
1286 1303
1323 1303
1297 1304
1302 1304
1306 1304
1312 1304
1074 1305
1256 1305
1308 1305
1304 1306
1324 1306
1308 1307
1310 1307
1305 1308
1307 1308
1437 1308
1207 1309
1275 1309
1408 1309
1085 1310
1307 1310
1354 1310
1295 1311
1299 1311
1342 1311
1366 1311
1304 1312
1433 1312
1232 1313
1300 1313
1319 1313
1358 1313
1294 1314
1282 1315
1316 1315
1301 1316
1315 1316
1321 1316
1216 1317
1318 1317
1317 1318
1319 1318
1361 1318
1313 1319
1318 1319
1277 1320
1359 1320
1316 1321
1368 1321
1252 1322
1329 1322
1303 1323
1340 1323
1306 1324
1330 1324
1298 1325
1338 1325
1328 1326
1330 1326
1253 1327
1335 1327
1326 1328
1329 1328
1322 1329
1328 1329
1331 1329
1336 1329
1324 1330
1326 1330
1350 1330
1329 1331
1332 1331
1331 1332
1334 1332
1293 1333
1340 1333
1332 1334
1335 1334
1327 1335
1334 1335
1337 1335
1329 1336
1432 1336
1335 1337
1346 1337
1325 1338
1339 1338
1341 1338
1349 1338
1338 1339
1370 1339
1323 1340
1333 1340
1352 1340
1338 1341
1346 1341
1311 1342
1344 1342
1344 1343
1351 1343
1279 1344
1342 1344
1343 1344
1357 1344
1281 1345
1367 1345
1337 1346
1341 1346
1213 1347
1348 1347
1381 1347
1210 1348
1347 1348
1353 1348
1439 1348
1338 1349
1400 1349
1330 1350
1430 1350
1343 1351
1362 1351
1340 1352
1399 1352
1348 1353
1354 1353
1438 1353
1107 1354
1310 1354
1353 1354
1358 1355
1361 1355
1300 1356
1358 1356
1359 1356
1371 1356
1344 1357
1364 1357
1313 1358
1355 1358
1356 1358
1377 1358
1320 1359
1356 1359
1361 1360
1318 1361
1355 1361
1360 1361
1369 1361
1351 1362
1363 1362
1362 1363
1367 1363
1357 1364
1365 1364
1364 1365
1366 1365
1311 1366
1365 1366
1392 1366
1345 1367
1363 1367
1402 1367
1321 1368
1372 1368
1361 1369
1375 1369
1383 1369
1339 1370
1384 1370
1356 1371
1378 1371
1368 1372
1373 1372
1374 1372
1372 1373
1382 1373
1372 1374
1379 1374
1369 1375
1380 1375
1394 1375
1378 1376
1386 1376
1358 1377
1378 1377
1380 1377
1371 1378
1376 1378
1377 1378
1374 1379
1384 1379
1375 1380
1377 1380
1419 1380
1347 1381
1387 1381
1373 1382
1385 1382
1369 1383
1396 1383
1424 1383
1370 1384
1379 1384
1389 1384
1382 1385
1388 1385
1376 1386
1388 1386
1381 1387
1392 1387
1428 1387
1385 1388
1386 1388
1390 1388
1391 1388
1384 1389
1401 1389
1388 1390
1395 1390
1388 1391
1393 1391
1366 1392
1387 1392
1407 1392
1391 1393
1502 1393
1375 1394
1398 1394
1390 1395
1406 1395
1383 1396
1397 1396
1396 1397
1398 1397
1478 1397
1394 1398
1397 1398
1419 1398
1352 1399
1404 1399
1349 1400
1410 1400
1389 1401
1405 1401
1367 1402
1404 1402
1291 1403
1511 1403
1399 1404
1402 1404
1415 1404
1421 1404
1401 1405
1406 1405
1412 1405
1418 1405
1395 1406
1405 1406
1392 1407
1414 1407
1309 1408
1413 1408
1538 1408
1410 1409
1412 1409
1400 1410
1409 1410
1411 1410
1410 1411
1417 1411
1405 1412
1409 1412
1222 1413
1408 1413
1416 1413
1407 1414
1423 1414
1425 1414
1404 1415
1433 1415
1413 1416
1420 1416
1537 1416
1411 1417
1422 1417
1477 1417
1405 1418
1490 1418
1380 1419
1398 1419
1475 1419
1416 1420
1404 1421
1447 1421
1417 1422
1461 1422
1414 1423
1426 1423
1383 1424
1476 1424
1414 1425
1427 1425
1458 1425
1423 1426
1427 1426
1428 1426
1441 1426
1425 1427
1426 1427
1387 1428
1426 1428
1429 1428
1428 1429
1436 1429
1509 1429
1350 1430
1431 1430
1433 1430
1452 1430
1430 1431
1336 1432
1442 1432
1312 1433
1415 1433
1430 1433
1444 1433
1445 1434
1271 1435
1527 1435
1429 1436
1440 1436
1308 1437
1566 1437
1353 1438
1454 1438
1348 1439
1456 1439
1436 1440
1481 1440
1426 1441
1534 1441
1432 1442
1446 1442
1269 1443
1503 1443
1433 1444
1449 1444
1434 1445
1446 1445
1442 1446
1445 1446
1451 1446
1459 1446
1421 1447
1457 1447
1449 1448
1464 1448
1444 1449
1448 1449
1450 1449
1453 1449
1449 1450
1460 1450
1446 1451
1462 1451
1430 1452
1463 1452
1449 1453
1543 1453
1438 1454
1455 1454
1480 1454
1454 1455
1474 1455
1439 1456
1469 1456
1474 1456
1447 1457
1458 1457
1460 1457
1466 1457
1425 1458
1457 1458
1446 1459
1467 1459
1450 1460
1457 1460
1422 1461
1468 1461
1451 1462
1463 1462
1452 1463
1462 1463
1464 1463
1465 1463
1448 1464
1463 1464
1463 1465
1528 1465
1457 1466
1547 1466
1459 1467
1473 1467
1461 1468
1470 1468
1471 1468
1483 1468
1456 1469
1481 1469
1571 1469
1468 1470
1489 1470
1468 1471
1472 1471
1471 1472
1473 1472
1467 1473
1472 1473
1479 1473
1455 1474
1456 1474
1575 1474
1419 1475
1478 1475
1496 1475
1424 1476
1485 1476
1417 1477
1487 1477
1397 1478
1475 1478
1473 1479
1586 1479
1454 1480
1569 1480
1440 1481
1469 1481
1491 1481
1484 1482
1468 1483
1580 1483
1482 1484
1485 1484
1476 1485
1484 1485
1486 1485
1488 1485
1485 1486
1514 1486
1477 1487
1489 1487
1492 1487
1485 1488
1578 1488
1470 1489
1487 1489
1418 1490
1494 1490
1481 1491
1522 1491
1572 1491
1487 1492
1507 1492
1268 1493
1531 1493
1490 1494
1497 1494
1501 1494
1497 1495
1499 1495
1475 1496
1513 1496
1494 1497
1495 1497
1505 1497
1499 1498
1500 1498
1508 1498
1495 1499
1498 1499
1498 1500
1521 1500
1494 1501
1504 1501
1393 1502
1516 1502
1443 1503
1510 1503
1531 1503
1501 1504
1506 1504
1497 1505
1523 1505
1504 1506
1507 1506
1520 1506
1492 1507
1506 1507
1498 1508
1524 1508
1429 1509
1522 1509
1532 1509
1560 1509
1503 1510
1518 1510
1403 1511
1518 1511
1542 1511
1568 1511
1513 1512
1515 1512
1496 1513
1512 1513
1514 1513
1526 1513
1486 1514
1513 1514
1512 1515
1517 1515
1502 1516
1517 1516
1519 1516
1525 1516
1515 1517
1516 1517
1510 1518
1511 1518
1568 1518
1516 1519
1521 1519
1506 1520
1561 1520
1500 1521
1519 1521
1491 1522
1509 1522
1505 1523
1524 1523
1559 1523
1563 1523
1508 1524
1523 1524
1604 1524
1516 1525
1546 1525
1513 1526
1557 1526
1435 1527
1530 1527
1465 1528
1543 1528
1614 1528
1530 1529
1535 1529
1527 1530
1529 1530
1587 1530
1493 1531
1503 1531
1533 1531
1509 1532
1534 1532
1531 1533
1544 1533
1548 1533
1441 1534
1532 1534
1553 1534
1214 1535
1529 1535
1539 1535
1588 1535
1537 1536
1416 1537
1536 1537
1538 1537
1718 1537
1408 1538
1537 1538
1541 1538
1535 1539
1540 1539
1287 1540
1539 1540
1542 1540
1590 1540
1538 1541
1545 1541
1589 1541
1511 1542
1540 1542
1453 1543
1528 1543
1550 1543
1606 1543
1533 1544
1545 1544
1541 1545
1544 1545
1525 1546
1549 1546
1466 1547
1552 1547
1533 1548
1577 1548
1546 1549
1551 1549
1555 1549
1543 1550
1552 1550
1549 1551
1558 1551
1547 1552
1550 1552
1554 1552
1556 1552
1534 1553
1560 1553
1552 1554
1593 1554
1549 1555
1564 1555
1552 1556
1585 1556
1526 1557
1558 1557
1596 1557
1551 1558
1557 1558
1523 1559
1638 1559
1509 1560
1553 1560
1562 1560
1520 1561
1565 1561
1560 1562
1579 1562
1523 1563
1565 1563
1555 1564
1603 1564
1561 1565
1563 1565
1567 1565
1437 1566
1582 1566
1565 1567
1576 1567
1511 1568
1518 1568
1601 1568
1602 1568
1480 1569
1570 1569
1584 1569
1626 1569
1569 1570
1575 1570
1469 1571
1572 1571
1575 1571
1625 1571
1491 1572
1571 1572
1573 1572
1676 1572
1572 1573
1574 1573
1573 1574
1579 1574
1474 1575
1570 1575
1571 1575
1628 1575
1567 1576
1624 1576
1548 1577
1715 1577
1488 1578
1596 1578
1698 1578
1562 1579
1574 1579
1581 1579
1597 1579
1483 1580
1583 1580
1595 1580
1579 1581
1605 1581
1566 1582
1584 1582
1587 1582
1613 1582
1580 1583
1607 1583
1655 1583
1569 1584
1582 1584
1556 1585
1594 1585
1479 1586
1608 1586
1530 1587
1582 1587
1535 1588
1819 1588
1541 1589
1734 1589
1540 1590
1754 1590
1592 1591
1597 1591
1591 1592
1593 1592
1554 1593
1592 1593
1585 1594
1599 1594
1620 1594
1580 1595
1619 1595
1653 1595
1557 1596
1578 1596
1598 1596
1697 1596
1579 1597
1591 1597
1596 1598
1600 1598
1594 1599
1621 1599
1598 1600
1618 1600
1644 1600
1568 1601
1729 1601
1568 1602
1615 1602
1564 1603
1616 1603
1524 1604
1622 1604
1581 1605
1694 1605
1543 1606
1614 1606
1621 1606
1674 1606
1583 1607
1608 1607
1586 1608
1607 1608
1612 1608
1610 1609
1614 1609
1609 1610
1611 1610
1623 1610
1610 1611
1612 1611
1608 1612
1611 1612
1582 1613
1646 1613
1647 1613
1528 1614
1606 1614
1609 1614
1672 1614
1602 1615
1721 1615
1603 1616
1617 1616
1622 1616
1616 1617
1618 1617
1600 1618
1617 1618
1648 1618
1595 1619
1632 1619
1594 1620
1650 1620
1599 1621
1606 1621
1664 1621
1604 1622
1616 1622
1627 1622
1634 1622
1610 1623
1656 1623
1576 1624
1629 1624
1571 1625
1628 1625
1639 1625
1569 1626
1633 1626
1780 1626
1622 1627
1631 1627
1575 1628
1625 1628
1640 1628
1624 1629
1630 1629
1635 1629
1629 1630
1632 1630
1627 1631
1643 1631
1619 1632
1630 1632
1677 1632
1626 1633
1636 1633
1622 1634
1758 1634
1629 1635
1652 1635
1633 1636
1637 1636
1636 1637
1640 1637
1559 1638
1642 1638
1625 1639
1676 1639
1723 1639
1628 1640
1637 1640
1770 1640
1642 1641
1659 1641
1638 1642
1641 1642
1643 1642
1645 1642
1631 1643
1642 1643
1600 1644
1690 1644
1642 1645
1705 1645
1613 1646
1836 1646
1613 1647
1649 1647
1618 1648
1691 1648
1647 1649
1651 1649
1620 1650
1654 1650
1649 1651
1783 1651
1635 1652
1658 1652
1595 1653
1660 1653
1650 1654
1657 1654
1661 1654
1583 1655
1665 1655
1623 1656
1673 1656
1654 1657
1663 1657
1652 1658
1659 1658
1670 1658
1684 1658
1641 1659
1658 1659
1653 1660
1662 1660
1668 1660
1654 1661
1682 1661
1660 1662
1669 1662
1657 1663
1686 1663
1621 1664
1700 1664
1655 1665
1666 1665
1667 1665
1678 1665
1665 1666
1668 1666
1665 1667
1675 1667
1660 1668
1666 1668
1662 1669
1670 1669
1658 1670
1669 1670
1673 1671
1689 1671
1614 1672
1687 1672
1656 1673
1671 1673
1675 1673
1683 1673
1606 1674
1681 1674
1667 1675
1673 1675
1572 1676
1639 1676
1694 1676
1632 1677
1688 1677
1665 1678
1706 1678
1686 1679
1703 1679
1681 1680
1685 1680
1674 1681
1680 1681
1682 1681
1692 1681
1661 1682
1681 1682
1673 1683
1724 1683
1658 1684
1731 1684
1680 1685
1687 1685
1663 1686
1679 1686
1693 1686
1672 1687
1685 1687
1689 1687
1677 1688
1702 1688
1671 1689
1687 1689
1644 1690
1695 1690
1648 1691
1695 1691
1681 1692
1713 1692
1686 1693
1699 1693
1701 1693
1605 1694
1676 1694
1704 1694
1690 1695
1691 1695
1696 1695
1695 1696
1697 1696
1596 1697
1696 1697
1698 1697
1756 1697
1578 1698
1697 1698
1800 1698
1693 1699
1709 1699
1664 1700
1710 1700
1693 1701
1714 1701
1688 1702
1708 1702
1774 1702
1679 1703
1704 1703
1709 1703
1694 1704
1703 1704
1723 1704
1786 1704
1645 1705
1707 1705
1678 1706
1739 1706
1705 1707
1708 1707
1702 1708
1707 1708
1773 1708
1699 1709
1703 1709
1712 1709
1700 1710
1711 1710
1710 1711
1720 1711
1742 1711
1709 1712
1714 1712
1764 1712
1692 1713
1725 1713
1727 1713
1701 1714
1712 1714
1719 1714
1577 1715
1716 1715
1741 1715
1715 1716
1717 1716
1722 1716
1716 1717
1728 1717
1537 1718
1735 1718
1714 1719
1742 1719
1711 1720
1726 1720
1615 1721
1728 1721
1716 1722
1868 1722
1996 1722
1639 1723
1704 1723
1770 1723
1683 1724
1755 1724
1713 1725
1730 1725
1720 1726
1736 1726
1760 1726
1713 1727
1730 1727
1717 1728
1721 1728
1729 1728
1601 1729
1728 1729
1754 1729
1725 1730
1727 1730
1732 1730
1684 1731
1740 1731
1730 1732
1736 1732
1743 1732
1735 1733
1589 1734
1735 1734
1741 1734
1908 1734
1718 1735
1733 1735
1734 1735
1849 1735
1726 1736
1732 1736
1743 1736
1739 1737
1765 1737
1739 1738
1740 1738
1706 1739
1737 1739
1738 1739
1747 1739
1731 1740
1738 1740
1745 1740
1715 1741
1734 1741
1867 1741
1711 1742
1719 1742
1762 1742
1732 1743
1736 1743
1744 1743
1752 1743
1743 1744
1746 1744
1748 1744
1740 1745
1750 1745
1744 1746
1749 1746
1751 1746
1739 1747
1753 1747
1744 1748
1788 1748
1746 1749
1782 1749
1745 1750
1753 1750
1746 1751
1759 1751
1767 1751
1743 1752
1757 1752
1795 1752
1747 1753
1750 1753
1766 1753
1772 1753
1590 1754
1729 1754
1763 1754
1724 1755
1769 1755
1697 1756
1758 1756
1752 1757
1771 1757
1634 1758
1756 1758
1775 1758
1751 1759
1761 1759
1793 1759
1726 1760
1761 1760
1784 1760
1759 1761
1760 1761
1768 1761
1742 1762
1764 1762
1754 1763
1819 1763
1963 1763
1712 1764
1762 1764
1786 1764
1841 1764
1737 1765
1769 1765
1753 1766
1803 1766
1751 1767
1782 1767
1761 1768
1791 1768
1755 1769
1765 1769
1771 1769
1778 1769
1640 1770
1723 1770
1776 1770
1777 1770
1757 1771
1769 1771
1753 1772
1790 1772
1708 1773
1785 1773
1702 1774
1820 1774
1758 1775
1787 1775
1770 1776
1777 1776
1786 1776
1830 1776
1770 1777
1776 1777
1779 1777
1769 1778
1801 1778
1777 1779
1781 1779
1832 1779
1626 1780
1781 1780
1783 1780
1779 1781
1780 1781
1749 1782
1767 1782
1788 1782
1797 1782
1651 1783
1780 1783
1818 1783
1760 1784
1791 1784
1825 1784
1773 1785
1815 1785
1821 1785
1704 1786
1764 1786
1776 1786
1844 1786
1775 1787
1796 1787
1800 1787
1748 1788
1782 1788
1789 1788
1788 1789
1794 1789
1798 1789
1772 1790
1829 1790
1768 1791
1784 1791
1792 1791
1824 1791
1791 1792
1793 1792
1759 1793
1792 1793
1799 1793
1789 1794
1795 1794
1752 1795
1794 1795
1811 1795
1787 1796
1809 1796
1782 1797
1804 1797
1789 1798
1807 1798
1793 1799
1806 1799
1698 1800
1787 1800
1802 1800
1778 1801
1813 1801
1800 1802
1766 1803
1814 1803
1797 1804
1807 1804
1810 1804
1811 1805
1812 1805
1835 1805
1799 1806
1810 1806
1827 1806
1798 1807
1804 1807
1811 1807
1812 1808
1813 1808
1796 1809
1823 1809
1804 1810
1806 1810
1795 1811
1805 1811
1807 1811
1848 1811
1805 1812
1808 1812
1801 1813
1808 1813
1814 1813
1817 1813
1803 1814
1813 1814
1816 1814
1817 1814
1785 1815
1821 1815
1822 1815
1814 1816
1829 1816
1813 1817
1814 1817
1831 1817
1783 1818
1836 1818
1840 1818
1588 1819
1763 1819
1837 1819
2002 1819
1774 1820
1821 1820
1828 1820
1785 1821
1815 1821
1820 1821
1843 1821
1815 1822
1823 1822
1809 1823
1822 1823
1834 1823
1791 1824
1825 1824
1826 1824
1871 1824
1784 1825
1824 1825
1877 1825
1824 1826
1827 1826
1806 1827
1826 1827
1833 1827
1820 1828
1829 1828
1790 1829
1816 1829
1828 1829
1888 1829
1776 1830
1832 1830
1844 1830
1817 1831
1858 1831
1779 1832
1830 1832
1842 1832
1827 1833
1865 1833
1823 1834
1838 1834
1846 1834
1805 1835
1847 1835
1857 1835
1646 1836
1818 1836
1837 1836
1916 1836
1819 1837
1836 1837
1834 1838
1850 1838
1852 1838
1851 1839
1818 1840
1961 1840
1764 1841
1844 1841
1864 1841
1832 1842
1960 1842
1821 1843
1845 1843
1883 1843
1786 1844
1830 1844
1841 1844
1879 1844
1843 1845
1846 1845
1878 1845
1834 1846
1845 1846
1835 1847
1855 1847
1811 1848
1853 1848
1856 1848
1735 1849
1851 1849
1905 1849
1838 1850
1932 1850
1839 1851
1849 1851
1906 1851
1838 1852
1884 1852
1848 1853
1854 1853
1865 1853
1853 1854
1915 1854
1847 1855
1859 1855
1848 1856
1863 1856
1835 1857
1863 1857
1831 1858
1860 1858
1855 1859
1860 1859
1858 1860
1859 1860
1861 1860
1862 1860
1860 1861
1887 1861
1860 1862
1870 1862
1856 1863
1857 1863
1873 1863
1903 1863
1841 1864
1881 1864
1833 1865
1853 1865
1866 1865
1869 1865
1865 1866
1871 1866
1741 1867
1868 1867
1722 1868
1867 1868
1918 1868
1865 1869
1917 1869
1862 1870
1875 1870
1824 1871
1866 1871
1872 1871
1871 1872
1882 1872
1910 1872
1863 1873
1874 1873
1873 1874
1875 1874
1870 1875
1874 1875
1876 1875
1875 1876
1890 1876
1825 1877
1881 1877
1882 1877
1845 1878
1883 1878
1925 1878
1844 1879
1891 1879
1884 1880
1936 1880
1864 1881
1877 1881
1882 1881
1885 1881
1872 1882
1877 1882
1881 1882
1907 1882
1843 1883
1878 1883
1886 1883
1925 1883
1852 1884
1880 1884
1889 1884
1881 1885
1902 1885
1914 1885
1883 1886
1899 1886
1861 1887
1888 1887
1911 1887
1829 1888
1887 1888
1897 1888
1884 1889
1921 1889
1876 1890
1894 1890
1879 1891
1896 1891
1893 1892
1903 1892
1892 1893
1894 1893
1890 1894
1893 1894
1895 1894
1898 1894
1894 1895
1919 1895
1891 1896
1900 1896
1888 1897
1899 1897
1909 1897
1894 1898
1920 1898
1886 1899
1897 1899
1913 1899
1896 1900
1901 1900
1900 1901
1904 1901
1885 1902
1914 1902
1924 1902
1863 1903
1892 1903
1915 1903
1943 1903
1901 1904
1923 1904
1849 1905
1929 1905
1851 1906
2031 1906
1882 1907
1910 1907
1949 1907
1734 1908
2015 1908
1897 1909
1966 1909
1872 1910
1907 1910
1917 1910
1948 1910
1887 1911
1945 1911
1913 1912
1928 1912
1899 1913
1912 1913
1922 1913
1885 1914
1902 1914
1938 1914
1854 1915
1903 1915
1917 1915
1944 1915
1836 1916
1987 1916
1869 1917
1910 1917
1915 1917
1946 1917
1868 1918
2030 1918
1895 1919
1952 1919
1898 1920
1940 1920
1889 1921
1934 1921
1913 1922
1981 1922
1904 1923
1924 1923
1927 1923
1902 1924
1923 1924
1926 1924
1878 1925
1883 1925
1928 1925
1931 1925
1924 1926
1927 1926
1938 1926
1923 1927
1926 1927
1974 1927
1988 1927
1912 1928
1925 1928
1930 1928
1985 1928
1905 1929
2032 1929
1928 1930
1931 1930
1986 1930
1925 1931
1930 1931
1932 1931
1992 1931
1850 1932
1931 1932
1933 1932
1984 1932
1932 1933
1934 1933
1921 1934
1933 1934
1936 1934
1936 1935
1937 1935
1880 1936
1934 1936
1935 1936
1935 1937
1954 1937
1914 1938
1926 1938
1939 1938
1938 1939
1949 1939
1967 1939
1920 1940
1942 1940
1942 1941
1943 1941
1940 1942
1941 1942
1950 1942
1953 1942
1903 1943
1941 1943
1944 1943
1915 1944
1943 1944
1946 1944
1968 1944
1911 1945
1952 1945
1917 1946
1944 1946
1948 1946
1982 1946
2033 1947
1910 1948
1946 1948
1949 1948
1907 1949
1939 1949
1948 1949
1979 1949
1942 1950
1952 1950
1955 1951
1919 1952
1945 1952
1950 1952
1970 1952
1942 1953
1969 1953
1937 1954
1956 1954
1989 1954
1951 1955
1956 1955
1957 1955
1959 1955
1954 1956
1955 1956
1957 1956
1955 1957
1956 1957
1958 1957
1957 1958
2004 1958
1955 1959
2045 1959
1842 1960
1962 1960
2003 1960
1840 1961
1962 1961
1991 1961
1960 1962
1961 1962
2038 1962
1763 1963
1964 1963
2002 1963
1963 1964
1998 1964
1966 1965
1981 1965
2024 1965
1909 1966
1965 1966
1971 1966
1939 1967
1975 1967
1976 1967
1944 1968
1972 1968
1973 1968
1953 1969
2014 1969
1952 1970
1971 1970
1973 1970
1966 1971
1970 1971
1968 1972
1982 1972
2020 1972
1968 1973
1970 1973
1927 1974
1978 1974
1988 1974
1967 1975
1978 1975
1967 1976
1977 1976
1976 1977
1979 1977
1974 1978
1975 1978
1949 1979
1977 1979
1980 1979
2067 1979
1979 1980
1983 1980
1922 1981
1965 1981
1985 1981
2011 1981
1946 1982
1972 1982
1983 1982
1980 1983
1982 1983
1932 1984
2007 1984
1928 1985
1981 1985
1986 1985
2011 1985
1930 1986
1985 1986
1992 1986
2006 1986
1916 1987
1991 1987
2001 1987
1927 1988
1974 1988
1990 1988
2012 1988
1954 1989
2007 1989
1988 1990
2000 1990
1961 1991
1987 1991
2037 1991
1931 1992
1986 1992
2005 1992
1994 1993
1997 1993
1993 1994
1995 1994
1994 1995
1998 1995
1722 1996
1997 1996
1993 1997
1996 1997
2035 1997
1964 1998
1995 1998
1999 1998
1998 1999
2062 1999
2063 1999
1990 2000
2003 2000
1987 2001
2002 2001
1819 2002
1963 2002
2001 2002
2042 2002
1960 2003
2000 2003
2013 2003
1958 2004
2108 2004
1992 2005
2008 2005
1986 2006
2010 2006
1984 2007
1989 2007
2008 2007
2009 2007
2005 2008
2007 2008
2009 2008
2010 2008
2007 2009
2008 2009
2070 2009
2006 2010
2008 2010
2023 2010
1981 2011
1985 2011
2026 2011
1988 2012
2013 2012
2003 2013
2012 2013
2040 2013
1969 2014
2018 2014
1908 2015
2046 2015
2017 2016
2018 2016
2016 2017
2021 2017
2014 2018
2016 2018
2020 2018
2028 2018
2023 2019
2027 2019
1972 2020
2018 2020
2017 2021
2022 2021
2021 2022
2025 2022
2010 2023
2019 2023
2110 2023
1965 2024
2044 2024
2022 2025
2041 2025
2011 2026
2034 2026
2019 2027
2029 2027
2018 2028
2075 2028
2027 2029
2034 2029
1918 2030
2048 2030
1906 2031
2033 2031
2051 2031
2123 2031
1929 2032
2046 2032
1947 2033
2031 2033
2054 2033
2026 2034
2029 2034
2043 2034
1997 2035
2036 2035
2064 2035
2035 2036
2047 2036
1991 2037
2039 2037
1962 2038
2061 2038
2037 2039
2078 2039
2013 2040
2072 2040
2025 2041
2044 2041
2002 2042
2056 2042
2034 2043
2044 2043
2057 2043
2024 2044
2041 2044
2043 2044
1959 2045
2049 2045
2015 2046
2032 2046
2050 2046
2036 2047
2048 2047
2030 2048
2047 2048
2050 2048
2055 2048
2045 2049
2069 2049
2107 2049
2046 2050
2048 2050
2053 2050
2055 2050
2031 2051
2052 2051
2051 2052
2053 2052
2050 2053
2052 2053
2059 2053
2033 2054
2048 2055
2050 2055
2058 2055
2060 2055
2042 2056
2073 2056
2043 2057
2083 2057
2055 2058
2059 2058
2053 2059
2058 2059
2090 2059
2055 2060
2129 2060
2038 2061
2071 2061
2112 2061
1999 2062
2063 2062
2064 2062
1999 2063
2062 2063
2068 2063
2035 2064
2062 2064
2132 2064
2069 2065
2067 2066
2074 2066
1979 2067
2066 2067
2080 2067
2135 2067
2063 2068
2073 2068
2049 2069
2065 2069
2095 2069
2107 2069
2009 2070
2097 2070
2102 2070
2061 2071
2077 2071
2040 2072
2077 2072
2056 2073
2068 2073
2098 2073
2066 2074
2084 2074
2028 2075
2081 2075
2086 2076
2098 2076
2071 2077
2072 2077
2080 2077
2089 2077
2039 2078
2079 2078
2082 2078
2078 2079
2086 2079
2067 2080
2077 2080
2075 2081
2085 2081
2078 2082
2113 2082
2057 2083
2093 2083
2074 2084
2085 2084
2081 2085
2084 2085
2087 2085
2088 2085
2076 2086
2079 2086
2114 2086
2085 2087
2093 2087
2085 2088
2099 2088
2077 2089
2091 2089
2094 2089
2059 2090
2127 2090
2128 2090
2089 2091
2092 2091
2096 2091
2091 2092
2112 2092
2083 2093
2087 2093
2100 2093
2089 2094
2131 2094
2069 2095
2159 2095
2183 2095
2091 2096
2140 2096
2070 2097
2102 2097
2111 2097
2148 2097
2073 2098
2076 2098
2133 2098
2197 2098
2088 2099
2103 2099
2093 2100
2101 2100
2104 2100
2100 2101
2103 2101
2070 2102
2097 2102
2108 2102
2099 2103
2101 2103
2105 2103
2106 2103
2100 2104
2115 2104
2103 2105
2134 2105
2103 2106
2118 2106
2049 2107
2069 2107
2119 2107
2158 2107
2004 2108
2102 2108
2109 2108
2108 2109
2121 2109
2023 2110
2111 2110
2097 2111
2110 2111
2116 2111
2061 2112
2092 2112
2113 2112
2117 2112
2082 2113
2112 2113
2117 2113
2086 2114
2122 2114
2104 2115
2116 2115
2111 2116
2115 2116
2144 2116
2112 2117
2113 2117
2139 2117
2166 2117
2106 2118
2151 2118
2107 2119
2121 2119
2123 2120
2109 2121
2119 2121
2157 2121
2114 2122
2125 2122
2199 2122
2031 2123
2120 2123
2124 2123
2123 2124
2126 2124
2141 2124
2122 2125
2160 2125
2124 2126
2128 2126
2090 2127
2128 2127
2129 2127
2147 2127
2090 2128
2126 2128
2127 2128
2136 2128
2060 2129
2127 2129
2130 2129
2150 2129
2129 2130
2132 2130
2094 2131
2138 2131
2064 2132
2130 2132
2133 2132
2156 2132
2098 2133
2132 2133
2105 2134
2135 2134
2067 2135
2134 2135
2149 2135
2155 2135
2128 2136
2146 2136
2143 2137
2185 2137
2131 2138
2164 2138
2117 2139
2160 2139
2096 2140
2142 2140
2124 2141
2274 2141
2140 2142
2145 2142
2137 2143
2152 2143
2153 2143
2116 2144
2245 2144
2142 2145
2161 2145
2136 2146
2275 2146
2127 2147
2278 2147
2097 2148
2266 2148
2135 2149
2154 2149
2129 2150
2225 2150
2118 2151
2201 2151
2143 2152
2155 2152
2143 2153
2196 2153
2149 2154
2202 2154
2135 2155
2152 2155
2132 2156
2249 2156
2121 2157
2171 2157
2107 2158
2180 2158
2095 2159
2228 2159
2125 2160
2139 2160
2186 2160
2145 2161
2162 2161
2165 2161
2167 2161
2161 2162
2163 2162
2162 2163
2164 2163
2138 2164
2163 2164
2168 2164
2169 2164
2161 2165
2170 2165
2117 2166
2167 2166
2161 2167
2166 2167
2178 2167
2164 2168
2175 2168
2177 2168
2164 2169
2173 2169
2174 2169
2165 2170
2172 2170
2178 2170
2157 2171
2180 2171
2208 2171
2170 2172
2173 2172
2169 2173
2172 2173
2179 2173
2184 2173
2169 2174
2175 2174
2188 2174
2168 2175
2174 2175
2176 2175
2189 2175
2175 2176
2177 2176
2168 2177
2176 2177
2185 2177
2167 2178
2170 2178
2182 2178
2173 2179
2158 2180
2171 2180
2181 2180
2226 2180
2180 2181
2183 2181
2178 2182
2184 2182
2095 2183
2181 2183
2200 2183
2173 2184
2182 2184
2186 2184
2137 2185
2177 2185
2192 2185
2160 2186
2184 2186
2187 2186
2186 2187
2190 2187
2174 2188
2189 2188
2193 2188
2175 2189
2188 2189
2193 2189
2277 2189
2187 2190
2191 2190
2195 2190
2190 2191
2224 2191
2338 2191
2185 2192
2196 2192
2188 2193
2189 2193
2194 2193
2193 2194
2195 2194
2319 2194
2190 2195
2194 2195
2153 2196
2192 2196
2216 2196
2318 2196
2098 2197
2198 2197
2197 2198
2248 2198
2122 2199
2230 2199
2183 2200
2276 2200
2151 2201
2203 2201
2154 2202
2221 2202
2201 2203
2204 2203
2203 2204
2205 2204
2206 2204
2209 2204
2204 2205
2207 2205
2204 2206
2214 2206
2205 2207
2211 2207
2171 2208
2220 2208
2204 2209
2210 2209
2209 2210
2212 2210
2207 2211
2218 2211
2210 2212
2213 2212
2217 2212
2212 2213
2214 2213
2206 2214
2213 2214
2215 2214
2235 2214
2214 2215
2222 2215
2229 2215
2196 2216
2221 2216
2212 2217
2227 2217
2211 2218
2219 2218
2218 2219
2223 2219
2208 2220
2233 2220
2252 2220
2202 2221
2216 2221
2223 2221
2241 2221
2215 2222
2234 2222
2219 2223
2221 2223
2191 2224
2242 2224
2150 2225
2253 2225
2286 2225
2180 2226
2236 2226
2217 2227
2231 2227
2159 2228
2243 2228
2215 2229
2238 2229
2199 2230
2242 2230
2247 2230
2227 2231
2239 2231
2260 2232
2220 2233
2236 2233
2257 2233
2222 2234
2238 2234
2246 2234
2214 2235
2237 2235
2240 2235
2226 2236
2233 2236
2259 2236
2267 2236
2235 2237
2239 2237
2229 2238
2234 2238
2240 2238
2350 2238
2231 2239
2237 2239
2244 2239
2235 2240
2238 2240
2221 2241
2336 2241
2224 2242
2230 2242
2289 2242
2228 2243
2251 2243
2260 2243
2239 2244
2353 2244
2144 2245
2246 2245
2254 2245
2234 2246
2245 2246
2230 2247
2248 2247
2198 2248
2247 2248
2250 2248
2287 2248
2156 2249
2250 2249
2253 2249
2352 2249
2248 2250
2249 2250
2243 2251
2293 2251
2220 2252
2256 2252
2257 2252
2273 2252
2225 2253
2249 2253
2245 2254
2255 2254
2266 2254
2254 2255
2334 2255
2252 2256
2261 2256
2233 2257
2252 2257
2262 2257
2270 2257
2259 2258
2262 2258
2236 2259
2258 2259
2263 2259
2232 2260
2243 2260
2264 2260
2265 2260
2256 2261
2266 2261
2257 2262
2258 2262
2263 2262
2259 2263
2262 2263
2272 2263
2260 2264
2320 2264
2260 2265
2296 2265
2148 2266
2254 2266
2261 2266
2236 2267
2268 2267
2272 2267
2267 2268
2269 2268
2268 2269
2276 2269
2257 2270
2272 2270
2279 2270
2291 2270
2282 2271
2263 2272
2267 2272
2270 2272
2291 2272
2252 2273
2279 2273
2141 2274
2275 2274
2146 2275
2274 2275
2281 2275
2200 2276
2269 2276
2293 2276
2298 2276
2189 2277
2318 2277
2147 2278
2284 2278
2270 2279
2273 2279
2281 2280
2283 2280
2381 2280
2275 2281
2280 2281
2282 2281
2271 2282
2281 2282
2373 2282
2280 2283
2284 2283
2278 2284
2283 2284
2285 2284
2284 2285
2286 2285
2377 2285
2225 2286
2285 2286
2354 2286
2248 2287
2288 2287
2287 2288
2294 2288
2295 2288
2242 2289
2290 2289
2294 2289
2289 2290
2343 2290
2270 2291
2272 2291
2292 2291
2322 2291
2291 2292
2305 2292
2251 2293
2276 2293
2288 2294
2289 2294
2295 2294
2288 2295
2294 2295
2312 2295
2386 2295
2265 2296
2297 2296
2313 2296
2323 2296
2296 2297
2300 2297
2276 2298
2304 2298
2300 2299
2325 2299
2297 2300
2299 2300
2301 2300
2300 2301
2314 2301
2304 2302
2306 2302
2304 2303
2307 2303
2298 2304
2302 2304
2303 2304
2308 2304
2292 2305
2309 2305
2302 2306
2309 2306
2303 2307
2315 2307
2304 2308
2333 2308
2305 2309
2306 2309
2310 2309
2311 2309
2309 2310
2346 2310
2309 2311
2333 2311
2295 2312
2352 2312
2296 2313
2316 2313
2301 2314
2316 2314
2307 2315
2316 2315
2313 2316
2314 2316
2315 2316
2317 2316
2316 2317
2398 2317
2196 2318
2277 2318
2339 2318
2194 2319
2332 2319
2345 2319
2264 2320
2328 2320
2322 2321
2291 2322
2321 2322
2331 2322
2296 2323
2326 2323
2327 2324
2328 2324
2299 2325
2326 2325
2323 2326
2325 2326
2327 2326
2329 2326
2324 2327
2326 2327
2320 2328
2324 2328
2330 2328
2326 2329
2397 2329
2328 2330
2363 2330
2322 2331
2337 2331
2319 2332
2340 2332
2389 2332
2308 2333
2311 2333
2372 2333
2255 2334
2335 2334
2356 2334
2380 2334
2334 2335
2337 2335
2241 2336
2339 2336
2351 2336
2384 2336
2331 2337
2335 2337
2344 2337
2191 2338
2342 2338
2345 2338
2318 2339
2336 2339
2341 2339
2332 2340
2341 2340
2339 2341
2340 2341
2387 2341
2338 2342
2343 2342
2290 2343
2342 2343
2392 2343
2337 2344
2347 2344
2319 2345
2338 2345
2390 2345
2310 2346
2347 2346
2344 2347
2346 2347
2348 2347
2349 2347
2347 2348
2402 2348
2347 2349
2368 2349
2238 2350
2355 2350
2359 2350
2336 2351
2357 2351
2249 2352
2312 2352
2361 2352
2244 2353
2358 2353
2286 2354
2362 2354
2391 2354
2350 2355
2356 2355
2367 2355
2334 2356
2355 2356
2351 2357
2358 2357
2353 2358
2357 2358
2359 2358
2360 2358
2350 2359
2358 2359
2358 2360
2383 2360
2352 2361
2362 2361
2370 2361
2354 2362
2361 2362
2330 2363
2365 2363
2366 2364
2363 2365
2366 2365
2369 2365
2364 2366
2365 2366
2355 2367
2382 2367
2349 2368
2372 2368
2401 2368
2365 2369
2396 2369
2361 2370
2385 2370
2388 2370
2393 2371
2394 2371
2333 2372
2368 2372
2374 2372
2282 2373
2376 2373
2596 2373
2372 2374
2395 2374
2376 2375
2373 2376
2375 2376
2285 2377
2378 2377
2377 2378
2541 2378
2380 2379
2464 2379
2334 2380
2379 2380
2280 2381
2555 2381
2367 2382
2425 2382
2360 2383
2434 2383
2336 2384
2430 2384
2370 2385
2546 2385
2295 2386
2480 2386
2341 2387
2416 2387
2370 2388
2403 2388
2332 2389
2416 2389
2345 2390
2415 2390
2354 2391
2536 2391
2343 2392
2446 2392
2371 2393
2399 2393
2371 2394
2407 2394
2374 2395
2399 2395
2369 2396
2400 2396
2329 2397
2413 2397
2317 2398
2407 2398
2393 2399
2395 2399
2438 2399
2396 2400
2404 2400
2368 2401
2420 2401
2348 2402
2417 2402
2388 2403
2418 2403
2553 2403
2400 2404
2405 2404
2406 2404
2404 2405
2404 2406
2411 2406
2394 2407
2398 2407
2408 2407
2407 2408
2409 2408
2505 2408
2408 2409
2410 2409
2617 2409
2409 2410
2413 2410
2406 2411
2414 2411
2622 2411
2413 2412
2414 2412
2554 2412
2397 2413
2410 2413
2412 2413
2411 2414
2412 2414
2554 2414
2390 2415
2416 2415
2499 2415
2387 2416
2389 2416
2415 2416
2426 2416
2506 2416
2402 2417
2422 2417
2403 2418
2538 2418
2420 2419
2423 2419
2401 2420
2419 2420
2421 2420
2420 2421
2431 2421
2417 2422
2423 2422
2424 2422
2419 2423
2422 2423
2422 2424
2473 2424
2382 2425
2427 2425
2428 2425
2416 2426
2477 2426
2425 2427
2444 2427
2425 2428
2445 2428
2433 2429
2436 2429
2384 2430
2436 2430
2421 2431
2432 2431
2613 2431
2431 2432
2438 2432
2429 2433
2435 2433
2383 2434
2443 2434
2433 2435
2437 2435
2440 2435
2429 2436
2430 2436
2439 2436
2442 2436
2435 2437
2441 2437
2399 2438
2432 2438
2505 2438
2436 2439
2481 2439
2435 2440
2534 2440
2437 2441
2443 2441
2436 2442
2494 2442
2434 2443
2441 2443
2447 2443
2457 2443
2427 2444
2448 2444
2428 2445
2453 2445
2392 2446
2449 2446
2443 2447
2501 2447
2444 2448
2450 2448
2454 2448
2461 2448
2446 2449
2458 2449
2448 2450
2451 2450
2450 2451
2453 2451
2453 2452
2465 2452
2445 2453
2451 2453
2452 2453
2460 2453
2448 2454
2476 2454
2456 2455
2458 2455
2455 2456
2469 2456
2443 2457
2463 2457
2449 2458
2455 2458
2459 2458
2462 2458
2458 2459
2495 2459
2453 2460
2487 2460
2448 2461
2490 2461
2458 2462
2532 2462
2457 2463
2478 2463
2379 2464
2475 2464
2452 2465
2466 2465
2465 2466
2468 2466
2470 2466
2471 2466
2468 2467
2474 2467
2466 2468
2467 2468
2456 2469
2472 2469
2466 2470
2497 2470
2466 2471
2535 2471
2469 2472
2492 2472
2424 2473
2475 2473
2467 2474
2475 2474
2464 2475
2473 2475
2474 2475
2479 2475
2454 2476
2485 2476
2426 2477
2489 2477
2463 2478
2482 2478
2483 2478
2475 2479
2620 2479
2386 2480
2498 2480
2439 2481
2540 2481
2478 2482
2522 2482
2478 2483
2503 2483
2485 2484
2490 2484
2476 2485
2484 2485
2500 2485
2489 2486
2493 2486
2460 2487
2488 2487
2491 2487
2496 2487
2487 2488
2496 2488
2497 2488
2477 2489
2486 2489
2494 2489
2504 2489
2461 2490
2484 2490
2491 2490
2487 2491
2490 2491
2496 2491
2472 2492
2512 2492
2486 2493
2517 2493
2442 2494
2489 2494
2459 2495
2498 2495
2487 2496
2488 2496
2491 2496
2470 2497
2488 2497
2535 2497
2480 2498
2495 2498
2502 2498
2507 2498
2415 2499
2511 2499
2485 2500
2509 2500
2447 2501
2508 2501
2498 2502
2529 2502
2483 2503
2521 2503
2489 2504
2523 2504
2408 2505
2438 2505
2612 2505
2416 2506
2525 2506
2498 2507
2530 2507
2501 2508
2513 2508
2515 2508
2500 2509
2514 2509
2511 2510
2526 2510
2499 2511
2510 2511
2512 2511
2527 2511
2492 2512
2511 2512
2508 2513
2514 2513
2509 2514
2513 2514
2508 2515
2524 2515
2518 2516
2522 2516
2493 2517
2525 2517
2516 2518
2521 2518
2530 2519
2532 2519
2523 2520
2574 2520
2503 2521
2518 2521
2524 2521
2528 2521
2482 2522
2516 2522
2534 2522
2504 2523
2520 2523
2539 2523
2515 2524
2521 2524
2506 2525
2517 2525
2526 2525
2510 2526
2525 2526
2511 2527
2549 2527
2521 2528
2585 2528
2502 2529
2545 2529
2507 2530
2519 2530
2542 2530
2533 2531
2549 2531
2462 2532
2519 2532
2533 2532
2609 2532
2531 2533
2532 2533
2440 2534
2522 2534
2537 2534
2471 2535
2497 2535
2637 2535
2391 2536
2558 2536
2534 2537
2540 2537
2592 2537
2418 2538
2547 2538
2523 2539
2540 2539
2481 2540
2537 2540
2539 2540
2583 2540
2378 2541
2548 2541
2530 2542
2543 2542
2624 2542
2542 2543
2544 2543
2543 2544
2546 2544
2529 2545
2556 2545
2385 2546
2544 2546
2552 2546
2538 2547
2557 2547
2541 2548
2550 2548
2551 2548
2527 2549
2531 2549
2574 2549
2548 2550
2572 2550
2548 2551
2573 2551
2546 2552
2559 2552
2403 2553
2565 2553
2412 2554
2414 2554
2608 2554
2381 2555
2560 2555
2545 2556
2559 2556
2547 2557
2567 2557
2536 2558
2570 2558
2552 2559
2556 2559
2563 2559
2578 2559
2555 2560
2561 2560
2562 2560
2579 2560
2560 2561
2604 2561
2560 2562
2573 2562
2559 2563
2566 2563
2565 2564
2568 2564
2553 2565
2564 2565
2566 2565
2581 2565
2563 2566
2565 2566
2557 2567
2577 2567
2564 2568
2576 2568
2570 2569
2572 2569
2558 2570
2569 2570
2571 2570
2580 2570
2570 2571
2575 2571
2550 2572
2569 2572
2551 2573
2562 2573
2520 2574
2549 2574
2634 2574
2571 2575
2577 2575
2568 2576
2577 2576
2567 2577
2575 2577
2576 2577
2582 2577
2559 2578
2593 2578
2560 2579
2632 2579
2570 2580
2584 2580
2565 2581
2589 2581
2577 2582
2584 2582
2540 2583
2640 2583
2580 2584
2582 2584
2587 2584
2528 2585
2586 2585
2585 2586
2588 2586
2584 2587
2590 2587
2607 2587
2586 2588
2595 2588
2581 2589
2591 2589
2593 2589
2615 2589
2587 2590
2591 2590
2589 2591
2590 2591
2537 2592
2594 2592
2578 2593
2589 2593
2630 2593
2592 2594
2595 2594
2588 2595
2594 2595
2597 2595
2605 2595
2373 2596
2601 2596
2595 2597
2638 2597
2599 2598
2598 2599
2601 2599
2601 2600
2602 2600
2596 2601
2599 2601
2600 2601
2600 2602
2603 2602
2602 2603
2604 2603
2606 2603
2561 2604
2603 2604
2595 2605
2639 2605
2603 2606
2610 2606
2587 2607
2611 2607
2554 2608
2616 2608
2627 2608
2532 2609
2626 2609
2606 2610
2607 2611
2635 2611
2636 2611
2505 2612
2614 2612
2618 2612
2431 2613
2614 2613
2619 2613
2612 2614
2613 2614
2628 2614
2589 2615
2621 2615
2625 2615
2608 2616
2617 2616
2409 2617
2616 2617
2618 2617
2612 2618
2617 2618
2629 2618
2613 2619
2620 2619
2631 2619
2479 2620
2619 2620
2615 2621
2623 2621
2411 2622
2621 2623
2542 2624
2615 2625
2609 2626
2608 2627
2614 2628
2618 2629
2593 2630
2619 2631
2579 2632
2633 2632
2632 2633
2574 2634
2611 2635
2611 2636
2535 2637
2597 2638
2605 2639
2583 2640
