1 -97.207 49.001
2 -96.801 49.0
3 -95.957 49.0
4 -95.931 49.0
5 -95.766 49.0
6 -95.378 48.999
7 -97.2 48.972
8 -97.236 48.965
9 -95.331 48.914
10 -95.768 48.849
11 -95.768 48.848
12 -95.92 48.833
13 -95.09 48.799
14 -97.158 48.787
15 -96.948 48.778
16 -96.947 48.775
17 -96.702 48.775
18 -94.59 48.719
19 -94.599 48.713
20 -94.562 48.712
21 -96.178 48.7
22 -96.178 48.699
23 -94.43 48.692
24 -96.388 48.645
25 -93.402 48.607
26 -93.402 48.603
27 -93.403 48.603
28 -93.376 48.602
29 -93.402 48.602
30 -93.404 48.602
31 -93.44 48.582
32 -96.521 48.578
33 -97.106 48.573
34 -97.147 48.573
35 -96.896 48.572
36 -93.374 48.569
37 -93.386 48.564
38 -93.439 48.556
39 -93.374 48.556
40 -96.169 48.545
41 -97.107 48.544
42 -96.49 48.543
43 -96.891 48.543
44 -95.732 48.54
45 -93.575 48.523
46 -97.137 48.414
47 -97.107 48.413
48 -93.201 48.411
49 -93.093 48.41
50 -93.574 48.401
51 -93.564 48.393
52 -94.559 48.367
53 -96.328 48.357
54 -96.477 48.355
55 -96.818 48.34
56 -97.0 48.34
57 -95.743 48.298
58 -95.593 48.296
59 -92.491 48.259
60 -96.77 48.197
61 -97.107 48.195
62 -96.77 48.195
63 -96.999 48.195
64 -97.139 48.195
65 -93.803 48.191
66 -96.477 48.174
67 -92.514 48.174
68 -96.758 48.173
69 -96.999 48.173
70 -95.809 48.172
71 -96.207 48.172
72 -96.195 48.172
73 -90.876 48.164
74 -96.181 48.137
75 -96.208 48.137
76 -96.181 48.127
77 -96.181 48.124
78 -96.149 48.123
79 -96.208 48.122
80 -95.593 48.122
81 -95.809 48.122
82 -95.25 48.122
83 -96.181 48.119
84 -96.145 48.105
85 -96.197 48.093
86 -92.823 48.066
87 -90.058 48.054
88 -92.83 48.053
89 -95.809 48.022
90 -96.668 48.021
91 -95.861 48.021
92 -96.482 48.021
93 -97.02 48.021
94 -96.214 48.02
95 -95.277 48.02
96 -96.055 48.02
97 -89.586 48.001
98 -91.913 47.989
99 -95.86 47.965
100 -96.054 47.964
101 -96.215 47.963
102 -89.696 47.952
103 -97.02 47.949
104 -97.02 47.936
105 -96.978 47.935
106 -97.037 47.933
107 -97.024 47.93
108 -97.023 47.929
109 -92.828 47.928
110 -97.016 47.928
111 -97.028 47.927
112 -97.02 47.922
113 -96.998 47.922
114 -97.015 47.922
115 -96.976 47.915
116 -89.553 47.909
117 -96.999 47.908
118 -91.867 47.903
119 -91.841 47.903
120 -93.768 47.899
121 -93.167 47.893
122 -93.166 47.893
123 -93.776 47.883
124 -96.274 47.878
125 -94.285 47.876
126 -93.776 47.875
127 -94.548 47.874
128 -94.438 47.874
129 -94.44 47.874
130 -94.281 47.873
131 -95.193 47.87
132 -94.418 47.87
133 -95.045 47.869
134 -93.081 47.866
135 -93.081 47.864
136 -92.87 47.863
137 -92.719 47.862
138 -92.718 47.862
139 -92.686 47.861
140 -94.341 47.856
141 -93.125 47.849
142 -95.858 47.849
143 -96.417 47.848
144 -93.776 47.846
145 -94.35 47.846
146 -94.268 47.846
147 -89.962 47.844
148 -93.776 47.84
149 -93.643 47.84
150 -96.266 47.832
151 -93.169 47.821
152 -95.858 47.819
153 -95.999 47.819
154 -91.8 47.816
155 -92.281 47.804
156 -96.632 47.804
157 -91.022 47.803
158 -96.611 47.802
159 -94.419 47.793
160 -96.46 47.79
161 -96.6 47.789
162 -96.632 47.789
163 -96.611 47.789
164 -92.365 47.784
165 -95.837 47.775
166 -96.608 47.774
167 -96.63 47.765
168 -96.911 47.761
169 -96.459 47.761
170 -95.58 47.761
171 -96.938 47.76
172 -96.0 47.76
173 -96.351 47.76
174 -96.589 47.76
175 -96.632 47.76
176 -96.342 47.76
177 -96.288 47.76
178 -96.267 47.76
179 -96.282 47.76
180 -96.568 47.759
181 -96.267 47.758
182 -90.34 47.753
183 -90.333 47.751
184 -90.34 47.749
185 -96.632 47.747
186 -96.566 47.745
187 -90.887 47.744
188 -94.548 47.733
189 -95.983 47.661
190 -91.603 47.66
191 -92.258 47.66
192 -95.273 47.648
193 -95.426 47.645
194 -92.426 47.633
195 -96.814 47.608
196 -94.746 47.607
197 -93.774 47.601
198 -93.691 47.593
199 -92.543 47.588
200 -90.831 47.577
201 -92.547 47.556
202 -96.28 47.55
203 -92.548 47.547
204 -92.554 47.547
205 -92.34 47.533
206 -92.262 47.532
207 -92.563 47.531
208 -92.547 47.531
209 -95.259 47.529
210 -95.553 47.529
211 -95.184 47.526
212 -95.4 47.522
213 -95.398 47.522
214 -92.561 47.518
215 -92.571 47.518
216 -94.98 47.514
217 -92.533 47.509
218 -94.949 47.506
219 -92.887 47.506
220 -94.875 47.505
221 -92.524 47.504
222 -96.28 47.5
223 -96.537 47.499
224 -95.976 47.499
225 -96.816 47.499
226 -94.92 47.498
227 -94.912 47.498
228 -94.919 47.498
229 -94.914 47.496
230 -92.488 47.493
231 -92.461 47.492
232 -94.918 47.491
233 -94.879 47.491
234 -92.884 47.489
235 -92.531 47.487
236 -92.9 47.481
237 -92.871 47.479
238 -92.834 47.478
239 -92.866 47.476
240 -92.905 47.469
241 -92.827 47.468
242 -91.023 47.467
243 -92.52 47.461
244 -92.521 47.461
245 -94.863 47.456
246 -94.876 47.439
247 -94.863 47.439
248 -94.842 47.439
249 -94.863 47.433
250 -94.834 47.432
251 -92.922 47.43
252 -91.247 47.418
253 -92.807 47.412
254 -94.863 47.41
255 -94.805 47.41
256 -92.926 47.401
257 -92.945 47.4
258 -92.962 47.4
259 -92.797 47.398
260 -92.518 47.398
261 -92.809 47.393
262 -93.069 47.393
263 -94.612 47.383
264 -94.671 47.382
265 -92.271 47.379
266 -93.168 47.371
267 -96.845 47.353
268 -96.826 47.352
269 -91.187 47.347
270 -94.221 47.346
271 -93.813 47.34
272 -93.203 47.339
273 -93.795 47.334
274 -95.965 47.325
275 -96.28 47.325
276 -95.551 47.325
277 -96.066 47.325
278 -93.959 47.325
279 -93.745 47.321
280 -95.382 47.311
281 -96.514 47.296
282 -96.28 47.296
283 -96.81 47.295
284 -96.811 47.292
285 -93.024 47.283
286 -93.625 47.264
287 -93.532 47.261
288 -93.746 47.243
289 -93.747 47.242
290 -93.566 47.241
291 -95.169 47.241
292 -93.5 47.239
293 -93.533 47.236
294 -94.876 47.236
295 -93.528 47.236
296 -93.519 47.236
297 -93.49 47.225
298 -94.796 47.216
299 -93.53 47.201
300 -95.145 47.189
301 -96.801 47.182
302 -96.5 47.181
303 -96.067 47.181
304 -95.932 47.18
305 -96.259 47.18
306 -93.774 47.179
307 -95.468 47.152
308 -95.482 47.152
309 -95.567 47.152
310 -95.536 47.151
311 -95.522 47.151
312 -95.926 47.151
313 -96.5 47.151
314 -96.259 47.151
315 -96.799 47.151
316 -94.664 47.149
317 -94.635 47.145
318 -95.152 47.138
319 -95.169 47.138
320 -92.113 47.113
321 -95.927 47.103
322 -94.587 47.102
323 -95.848 47.093
324 -93.195 47.087
325 -93.923 47.057
326 -93.906 47.056
327 -94.54 47.054
328 -94.215 47.053
329 -94.214 47.053
330 -93.601 47.03
331 -93.248 47.026
332 -93.084 47.026
333 -91.667 47.026
334 -94.664 47.025
335 -93.069 47.009
336 -94.716 47.008
337 -93.056 47.005
338 -93.261 47.004
339 -94.727 47.004
340 -93.266 47.0
341 -93.605 46.986
342 -95.253 46.986
343 -95.296 46.985
344 -93.775 46.981
345 -92.457 46.956
346 -92.458 46.955
347 -91.794 46.947
348 -96.791 46.934
349 -96.786 46.93
350 -92.915 46.924
351 -95.058 46.922
352 -95.162 46.921
353 -92.911 46.92
354 -95.183 46.92
355 -96.746 46.905
356 -91.937 46.881
357 -96.78 46.878
358 -96.259 46.877
359 -96.174 46.877
360 -96.505 46.877
361 -96.652 46.877
362 -96.653 46.877
363 -96.767 46.876
364 -96.744 46.876
365 -96.746 46.875
366 -96.777 46.875
367 -96.767 46.875
368 -96.767 46.874
369 -96.776 46.874
370 -92.28 46.865
371 -92.216 46.865
372 -92.153 46.865
373 -92.059 46.865
374 -95.07 46.863
375 -94.723 46.862
376 -92.28 46.853
377 -92.275 46.851
378 -92.28 46.851
379 -96.768 46.851
380 -96.652 46.85
381 -94.348 46.849
382 -96.78 46.848
383 -96.775 46.847
384 -96.695 46.847
385 -96.768 46.847
386 -96.66 46.847
387 -96.76 46.847
388 -92.417 46.847
389 -96.652 46.846
390 -96.643 46.845
391 -92.457 46.845
392 -92.259 46.844
393 -92.28 46.844
394 -92.301 46.844
395 -91.996 46.844
396 -96.768 46.844
397 -92.24 46.837
398 -92.174 46.837
399 -94.502 46.835
400 -95.856 46.833
401 -96.768 46.833
402 -95.87 46.827
403 -95.853 46.826
404 -95.816 46.825
405 -95.856 46.823
406 -94.502 46.82
407 -92.174 46.815
408 -95.871 46.811
409 -92.061 46.809
410 -95.105 46.805
411 -92.154 46.804
412 -96.767 46.804
413 -94.722 46.804
414 -94.702 46.804
415 -93.955 46.804
416 -94.66 46.804
417 -96.796 46.803
418 -92.107 46.797
419 -92.107 46.796
420 -92.3 46.793
421 -92.098 46.787
422 -92.096 46.786
423 -92.108 46.784
424 -92.28 46.783
425 -92.108 46.779
426 -95.795 46.779
427 -92.106 46.778
428 -92.108 46.777
429 -92.11 46.776
430 -92.119 46.769
431 -92.115 46.768
432 -92.882 46.766
433 -92.125 46.766
434 -92.453 46.765
435 -92.123 46.765
436 -92.28 46.765
437 -92.118 46.764
438 -92.125 46.762
439 -92.108 46.759
440 -92.11 46.758
441 -92.106 46.756
442 -95.097 46.754
443 -92.104 46.754
444 -92.101 46.749
445 -95.163 46.747
446 -92.152 46.744
447 -92.154 46.743
448 -92.156 46.741
449 -92.152 46.741
450 -94.134 46.74
451 -92.176 46.737
452 -92.173 46.736
453 -92.17 46.736
454 -92.175 46.735
455 -92.198 46.734
456 -92.205 46.733
457 -92.202 46.732
458 -93.958 46.731
459 -92.143 46.731
460 -92.203 46.73
461 -92.237 46.722
462 -92.461 46.722
463 -95.717 46.72
464 -94.403 46.718
465 -95.9 46.717
466 -95.71 46.716
467 -92.28 46.711
468 -92.273 46.71
469 -93.601 46.71
470 -93.307 46.71
471 -92.279 46.708
472 -92.285 46.706
473 -92.306 46.706
474 -92.278 46.705
475 -92.294 46.704
476 -92.416 46.704
477 -92.301 46.703
478 -92.424 46.703
479 -92.306 46.703
480 -92.425 46.702
481 -92.419 46.7
482 -92.422 46.7
483 -92.427 46.7
484 -92.431 46.7
485 -92.278 46.699
486 -92.428 46.697
487 -92.428 46.696
488 -92.457 46.693
489 -92.454 46.691
490 -92.457 46.69
491 -92.459 46.686
492 -96.42 46.682
493 -92.428 46.681
494 -96.428 46.68
495 -92.884 46.68
496 -92.464 46.678
497 -96.42 46.678
498 -92.462 46.678
499 -92.437 46.678
500 -92.261 46.678
501 -96.413 46.677
502 -96.42 46.674
503 -92.681 46.672
504 -92.226 46.67
505 -94.113 46.667
506 -92.472 46.667
507 -92.424 46.667
508 -96.399 46.665
509 -95.799 46.665
510 -92.483 46.664
511 -92.477 46.664
512 -92.472 46.663
513 -92.28 46.661
514 -94.345 46.661
515 -96.173 46.66
516 -92.482 46.66
517 -96.42 46.66
518 -96.402 46.66
519 -96.387 46.66
520 -96.395 46.66
521 -96.758 46.659
522 -96.235 46.659
523 -92.284 46.659
524 -96.027 46.659
525 -95.655 46.658
526 -92.202 46.658
527 -92.226 46.656
528 -92.292 46.655
529 -96.39 46.654
530 -93.064 46.653
531 -94.884 46.631
532 -96.445 46.631
533 -96.364 46.631
534 -96.757 46.63
535 -95.095 46.63
536 -93.317 46.61
537 -93.612 46.609
538 -93.291 46.609
539 -95.574 46.58
540 -96.083 46.571
541 -96.083 46.57
542 -96.319 46.563
543 -96.281 46.559
544 -96.309 46.559
545 -96.315 46.558
546 -95.574 46.557
547 -96.312 46.554
548 -93.958 46.546
549 -93.707 46.533
550 -93.707 46.526
551 -93.811 46.516
552 -95.321 46.495
553 -96.28 46.483
554 -93.957 46.482
555 -93.957 46.48
556 -93.899 46.474
557 -94.172 46.461
558 -92.728 46.456
559 -92.864 46.456
560 -92.762 46.455
561 -92.735 46.453
562 -92.73 46.453
563 -92.732 46.45
564 -95.155 46.449
565 -93.262 46.448
566 -93.055 46.447
567 -95.136 46.442
568 -95.155 46.442
569 -92.742 46.441
570 -95.138 46.439
571 -92.745 46.436
572 -92.752 46.435
573 -92.749 46.431
574 -95.579 46.427
575 -92.755 46.418
576 -92.498 46.418
577 -95.321 46.387
578 -94.176 46.383
579 -94.158 46.373
580 -95.114 46.369
581 -94.899 46.369
582 -94.177 46.362
583 -94.2 46.358
584 -94.793 46.356
585 -94.792 46.356
586 -94.223 46.356
587 -94.2 46.353
588 -94.195 46.353
589 -94.244 46.352
590 -94.146 46.352
591 -94.156 46.352
592 -93.87 46.345
593 -96.137 46.344
594 -93.752 46.344
595 -94.642 46.344
596 -96.128 46.343
597 -94.644 46.342
598 -94.327 46.341
599 -94.647 46.341
600 -96.132 46.341
601 -96.128 46.34
602 -94.653 46.34
603 -96.124 46.34
604 -93.517 46.334
605 -96.122 46.33
606 -95.321 46.326
607 -95.155 46.326
608 -95.095 46.326
609 -94.21 46.324
610 -95.437 46.317
611 -93.81 46.314
612 -96.094 46.312
613 -96.122 46.297
614 -93.824 46.295
615 -96.122 46.293
616 -96.596 46.29
617 -96.591 46.29
618 -96.116 46.29
619 -96.123 46.289
620 -96.12 46.289
621 -96.118 46.286
622 -96.077 46.284
623 -96.587 46.283
624 -96.578 46.282
625 -96.277 46.282
626 -95.713 46.275
627 -96.04 46.273
628 -96.104 46.27
629 -96.055 46.27
630 -96.1 46.268
631 -96.068 46.264
632 -96.599 46.264
633 -96.588 46.263
634 -96.085 46.258
635 -96.078 46.253
636 -93.526 46.247
637 -96.043 46.243
638 -93.808 46.243
639 -93.277 46.217
640 -93.054 46.216
641 -93.5 46.212
642 -96.019 46.212
643 -96.023 46.211
644 -93.43 46.211
645 -96.019 46.208
646 -96.014 46.205
647 -96.019 46.204
648 -96.493 46.188
649 -92.855 46.183
650 -92.856 46.18
651 -92.86 46.18
652 -92.866 46.18
653 -92.853 46.18
654 -92.858 46.177
655 -92.866 46.171
656 -92.866 46.17
657 -93.277 46.159
658 -94.357 46.157
659 -94.103 46.156
660 -95.328 46.148
661 -93.462 46.142
662 -92.888 46.129
663 -92.883 46.125
664 -92.888 46.125
665 -95.511 46.122
666 -92.888 46.121
667 -93.433 46.118
668 -93.283 46.116
669 -93.432 46.111
670 -93.645 46.109
671 -95.998 46.108
672 -95.896 46.108
673 -95.711 46.108
674 -95.323 46.107
675 -95.75 46.107
676 -95.753 46.107
677 -95.769 46.1
678 -94.368 46.093
679 -94.503 46.087
680 -94.368 46.078
681 -93.81 46.078
682 -93.657 46.073
683 -94.328 46.073
684 -96.566 46.051
685 -96.494 46.048
686 -95.832 46.04
687 -95.838 46.039
688 -96.266 46.036
689 -95.832 46.036
690 -96.345 46.036
691 -95.997 46.036
692 -95.826 46.033
693 -94.104 46.027
694 -96.333 46.022
695 -96.494 46.022
696 -92.93 46.014
697 -92.444 46.012
698 -95.77 46.012
699 -92.943 46.011
700 -92.936 46.011
701 -92.928 46.011
702 -92.932 46.011
703 -92.933 46.008
704 -94.345 46.007
705 -95.733 46.003
706 -94.386 46.002
707 -94.378 46.001
708 -93.432 46.0
709 -94.341 46.0
710 -95.735 45.999
711 -95.729 45.999
712 -94.348 45.998
713 -94.346 45.997
714 -93.432 45.996
715 -95.726 45.995
716 -95.976 45.994
717 -94.339 45.992
718 -95.769 45.992
719 -94.372 45.992
720 -94.351 45.991
721 -94.339 45.991
722 -94.339 45.987
723 -93.432 45.985
724 -94.105 45.983
725 -93.805 45.983
726 -93.662 45.982
727 -94.34 45.981
728 -92.955 45.979
729 -94.371 45.977
730 -94.391 45.977
731 -92.955 45.977
732 -94.648 45.977
733 -94.619 45.977
734 -94.362 45.976
735 -94.864 45.976
736 -92.958 45.976
737 -94.346 45.976
738 -94.34 45.976
739 -94.332 45.975
740 -92.956 45.974
741 -94.34 45.971
742 -94.106 45.97
743 -94.364 45.963
744 -94.356 45.963
745 -94.356 45.947
746 -96.266 45.947
747 -94.359 45.947
748 -93.098 45.941
749 -94.354 45.937
750 -96.255 45.935
751 -94.353 45.935
752 -96.253 45.933
753 -93.143 45.928
754 -94.643 45.918
755 -95.334 45.911
756 -95.888 45.906
757 -94.888 45.89
758 -95.366 45.889
759 -95.325 45.886
760 -93.289 45.875
761 -95.14 45.865
762 -95.141 45.865
763 -96.573 45.861
764 -96.49 45.861
765 -95.43 45.86
766 -95.43 45.86
767 -95.386 45.86
768 -95.408 45.86
769 -93.297 45.854
770 -95.388 45.847
771 -95.392 45.845
772 -95.388 45.845
773 -95.388 45.844
774 -95.383 45.843
775 -95.388 45.841
776 -95.152 45.836
777 -95.149 45.833
778 -95.156 45.833
779 -95.163 45.833
780 -95.758 45.833
781 -95.797 45.832
782 -95.882 45.832
783 -93.41 45.832
784 -95.14 45.83
785 -93.431 45.829
786 -94.094 45.823
787 -94.287 45.823
788 -96.143 45.809
789 -95.758 45.808
790 -96.49 45.804
791 -93.142 45.804
792 -96.254 45.803
793 -96.49 45.803
794 -93.516 45.8
795 -93.654 45.788
796 -94.864 45.775
797 -94.943 45.774
798 -94.885 45.774
799 -95.05 45.774
800 -92.781 45.773
801 -92.99 45.771
802 -92.994 45.767
803 -92.986 45.767
804 -92.989 45.767
805 -92.99 45.763
806 -93.629 45.76
807 -95.644 45.76
808 -95.882 45.76
809 -96.079 45.76
810 -93.158 45.76
811 -93.142 45.76
812 -95.383 45.759
813 -94.214 45.756
814 -94.938 45.752
815 -93.65 45.751
816 -94.088 45.751
817 -94.09 45.75
818 -94.132 45.75
819 -94.262 45.748
820 -94.264 45.747
821 -93.416 45.732
822 -93.227 45.731
823 -93.168 45.731
824 -92.992 45.731
825 -93.642 45.729
826 -94.952 45.724
827 -94.958 45.722
828 -94.952 45.72
829 -93.762 45.72
830 -94.947 45.719
831 -94.953 45.717
832 -94.953 45.716
833 -95.139 45.715
834 -93.192 45.706
835 -94.884 45.698
836 -94.88 45.696
837 -94.876 45.694
838 -94.881 45.694
839 -95.386 45.676
840 -93.921 45.664
841 -95.39 45.65
842 -94.208 45.65
843 -95.369 45.648
844 -94.175 45.628
845 -94.29 45.623
846 -94.173 45.623
847 -94.17 45.618
848 -94.174 45.617
849 -94.203 45.615
850 -95.532 45.615
851 -95.531 45.615
852 -95.758 45.615
853 -94.228 45.608
854 -94.261 45.608
855 -95.884 45.607
856 -95.884 45.606
857 -96.857 45.606
858 -96.855 45.604
859 -96.852 45.601
860 -94.185 45.601
861 -95.928 45.6
862 -96.844 45.598
863 -94.187 45.598
864 -94.189 45.596
865 -93.601 45.595
866 -94.191 45.595
867 -95.92 45.592
868 -94.246 45.591
869 -93.913 45.59
870 -93.76 45.589
871 -94.368 45.589
872 -93.512 45.588
873 -94.165 45.588
874 -93.389 45.587
875 -94.169 45.587
876 -93.215 45.586
877 -96.809 45.586
878 -94.171 45.586
879 -95.914 45.586
880 -94.055 45.586
881 -96.426 45.585
882 -93.213 45.585
883 -94.358 45.583
884 -95.911 45.583
885 -94.352 45.582
886 -93.217 45.582
887 -94.09 45.581
888 -94.132 45.581
889 -93.21 45.581
890 -94.111 45.579
891 -93.599 45.577
892 -93.614 45.577
893 -95.933 45.576
894 -94.133 45.576
895 -93.58 45.574
896 -93.202 45.573
897 -93.248 45.573
898 -93.211 45.573
899 -93.224 45.573
900 -95.912 45.572
901 -96.431 45.572
902 -96.241 45.571
903 -95.898 45.57
904 -94.354 45.57
905 -93.598 45.57
906 -93.58 45.57
907 -94.14 45.569
908 -95.903 45.568
909 -94.318 45.568
910 -94.135 45.567
911 -94.306 45.567
912 -95.912 45.566
913 -94.139 45.566
914 -94.205 45.566
915 -95.892 45.566
916 -94.142 45.565
917 -94.136 45.563
918 -94.343 45.561
919 -94.152 45.561
920 -94.336 45.56
921 -93.914 45.56
922 -93.594 45.559
923 -94.131 45.559
924 -93.582 45.559
925 -94.34 45.558
926 -94.343 45.556
927 -94.26 45.555
928 -94.336 45.555
929 -93.585 45.554
930 -94.205 45.553
931 -93.227 45.551
932 -94.205 45.55
933 -93.232 45.544
934 -94.109 45.542
935 -94.21 45.537
936 -94.265 45.537
937 -94.29 45.519
938 -94.281 45.518
939 -93.022 45.517
940 -94.284 45.515
941 -92.993 45.514
942 -94.288 45.512
943 -92.99 45.511
944 -94.278 45.51
945 -92.993 45.51
946 -92.997 45.51
947 -92.993 45.507
948 -95.131 45.503
949 -94.236 45.502
950 -94.233 45.498
951 -94.24 45.498
952 -94.248 45.498
953 -94.157 45.496
954 -94.15 45.496
955 -94.243 45.494
956 -94.151 45.494
957 -94.151 45.492
958 -94.147 45.488
959 -95.747 45.453
960 -95.007 45.453
961 -94.429 45.453
962 -94.987 45.452
963 -93.996 45.447
964 -94.043 45.418
965 -93.235 45.415
966 -93.235 45.414
967 -94.054 45.414
968 -93.367 45.414
969 -94.06 45.413
970 -94.876 45.413
971 -94.784 45.413
972 -95.71 45.412
973 -95.912 45.412
974 -95.008 45.412
975 -95.562 45.412
976 -94.057 45.412
977 -94.059 45.41
978 -94.053 45.41
979 -93.901 45.408
980 -92.65 45.402
981 -92.652 45.401
982 -93.26 45.399
983 -93.367 45.399
984 -93.235 45.399
985 -94.782 45.388
986 -94.763 45.388
987 -93.347 45.387
988 -93.563 45.386
989 -93.142 45.385
990 -93.19 45.385
991 -93.286 45.385
992 -92.704 45.383
993 -94.729 45.379
994 -93.109 45.365
995 -93.819 45.357
996 -95.255 45.355
997 -94.763 45.355
998 -93.019 45.342
999 -93.004 45.34
1000 -93.007 45.337
1001 -93.004 45.336
1002 -93.001 45.336
1003 -93.004 45.333
1004 -93.744 45.333
1005 -93.745 45.333
1006 -93.143 45.331
1007 -95.009 45.329
1008 -93.47 45.328
1009 -93.402 45.328
1010 -93.142 45.326
1011 -94.668 45.326
1012 -94.569 45.326
1013 -94.625 45.326
1014 -94.414 45.326
1015 -94.667 45.325
1016 -93.28 45.324
1017 -92.731 45.322
1018 -92.71 45.322
1019 -93.264 45.32
1020 -93.347 45.32
1021 -93.306 45.319
1022 -93.236 45.319
1023 -94.299 45.316
1024 -95.601 45.315
1025 -95.6 45.315
1026 -94.383 45.312
1027 -94.409 45.312
1028 -95.603 45.31
1029 -93.791 45.31
1030 -93.792 45.309
1031 -93.634 45.308
1032 -93.794 45.305
1033 -93.567 45.304
1034 -93.555 45.303
1035 -93.142 45.302
1036 -93.797 45.301
1037 -93.5 45.3
1038 -93.804 45.3
1039 -93.511 45.299
1040 -93.51 45.299
1041 -96.44 45.299
1042 -93.5 45.299
1043 -93.347 45.299
1044 -93.41 45.299
1045 -93.799 45.299
1046 -96.439 45.299
1047 -93.306 45.298
1048 -94.261 45.298
1049 -96.43 45.298
1050 -96.117 45.298
1051 -93.793 45.297
1052 -93.002 45.297
1053 -92.986 45.297
1054 -92.974 45.297
1055 -92.769 45.296
1056 -93.8 45.296
1057 -93.77 45.294
1058 -93.767 45.292
1059 -96.453 45.292
1060 -93.002 45.291
1061 -94.94 45.291
1062 -93.555 45.291
1063 -96.429 45.291
1064 -92.98 45.29
1065 -92.984 45.29
1066 -93.768 45.29
1067 -92.999 45.29
1068 -93.761 45.289
1069 -93.002 45.289
1070 -92.984 45.289
1071 -93.664 45.289
1072 -93.558 45.289
1073 -93.14 45.287
1074 -93.08 45.287
1075 -93.019 45.286
1076 -94.312 45.283
1077 -93.003 45.283
1078 -93.749 45.283
1079 -95.912 45.283
1080 -93.003 45.283
1081 -93.56 45.281
1082 -93.008 45.28
1083 -94.082 45.28
1084 -93.007 45.279
1085 -93.003 45.279
1086 -93.004 45.276
1087 -94.18 45.275
1088 -93.008 45.269
1089 -93.347 45.263
1090 -94.124 45.262
1091 -92.963 45.261
1092 -92.963 45.261
1093 -92.973 45.261
1094 -92.983 45.26
1095 -96.296 45.26
1096 -93.019 45.258
1097 -92.771 45.257
1098 -92.804 45.256
1099 -92.983 45.254
1100 -93.022 45.254
1101 -92.89 45.254
1102 -93.512 45.252
1103 -93.019 45.251
1104 -93.511 45.251
1105 -93.02 45.251
1106 -93.024 45.25
1107 -96.292 45.249
1108 -93.026 45.247
1109 -94.076 45.244
1110 -93.663 45.243
1111 -93.669 45.243
1112 -93.663 45.242
1113 -93.663 45.241
1114 -93.663 45.238
1115 -93.648 45.238
1116 -93.645 45.235
1117 -93.029 45.228
1118 -93.552 45.227
1119 -93.522 45.226
1120 -96.103 45.22
1121 -93.599 45.22
1122 -93.029 45.219
1123 -93.029 45.218
1124 -93.596 45.218
1125 -93.594 45.217
1126 -93.599 45.217
1127 -93.033 45.215
1128 -93.637 45.211
1129 -93.583 45.21
1130 -93.584 45.21
1131 -93.552 45.21
1132 -96.02 45.21
1133 -93.094 45.21
1134 -93.664 45.21
1135 -93.526 45.21
1136 -93.517 45.21
1137 -93.449 45.21
1138 -93.029 45.209
1139 -93.625 45.209
1140 -93.39 45.205
1141 -93.863 45.205
1142 -93.358 45.204
1143 -93.617 45.202
1144 -95.002 45.2
1145 -92.77 45.199
1146 -93.442 45.199
1147 -93.552 45.199
1148 -93.34 45.198
1149 -93.234 45.197
1150 -93.557 45.197
1151 -96.019 45.197
1152 -93.1 45.197
1153 -92.982 45.196
1154 -92.882 45.196
1155 -93.607 45.196
1156 -93.552 45.195
1157 -92.827 45.195
1158 -93.073 45.193
1159 -93.072 45.193
1160 -93.547 45.192
1161 -93.403 45.192
1162 -93.552 45.192
1163 -93.395 45.191
1164 -93.396 45.189
1165 -93.886 45.189
1166 -92.772 45.188
1167 -93.442 45.188
1168 -93.876 45.185
1169 -93.54 45.183
1170 -93.112 45.182
1171 -93.876 45.182
1172 -93.109 45.181
1173 -93.111 45.181
1174 -93.113 45.18
1175 -93.863 45.18
1176 -93.872 45.18
1177 -93.117 45.179
1178 -93.876 45.173
1179 -93.542 45.172
1180 -93.527 45.172
1181 -93.526 45.172
1182 -93.521 45.17
1183 -93.86 45.168
1184 -93.03 45.168
1185 -93.525 45.167
1186 -93.871 45.167
1187 -93.521 45.166
1188 -95.246 45.165
1189 -93.03 45.164
1190 -93.026 45.164
1191 -93.02 45.164
1192 -93.034 45.164
1193 -93.056 45.164
1194 -93.521 45.164
1195 -95.016 45.161
1196 -93.031 45.161
1197 -92.993 45.159
1198 -92.793 45.157
1199 -96.057 45.157
1200 -93.666 45.154
1201 -93.847 45.154
1202 -93.522 45.153
1203 -96.287 45.153
1204 -94.676 45.153
1205 -95.017 45.153
1206 -93.542 45.153
1207 -93.635 45.153
1208 -93.505 45.152
1209 -96.062 45.152
1210 -93.491 45.152
1211 -95.96 45.152
1212 -93.89 45.152
1213 -95.593 45.151
1214 -93.462 45.151
1215 -93.868 45.151
1216 -94.687 45.149
1217 -93.056 45.148
1218 -92.762 45.144
1219 -93.27 45.142
1220 -93.462 45.139
1221 -94.757 45.139
1222 -96.414 45.139
1223 -94.529 45.139
1224 -96.287 45.138
1225 -93.235 45.134
1226 -92.876 45.133
1227 -93.525 45.131
1228 -93.522 45.131
1229 -93.542 45.131
1230 -93.635 45.131
1231 -93.488 45.131
1232 -93.299 45.129
1233 -95.104 45.129
1234 -92.876 45.128
1235 -93.49 45.127
1236 -92.898 45.127
1237 -93.485 45.127
1238 -93.048 45.127
1239 -94.528 45.125
1240 -93.481 45.125
1241 -95.003 45.125
1242 -93.212 45.125
1243 -93.188 45.124
1244 -93.049 45.124
1245 -93.057 45.124
1246 -93.053 45.124
1247 -92.99 45.124
1248 -93.002 45.124
1249 -93.425 45.123
1250 -93.483 45.123
1251 -93.389 45.123
1252 -92.988 45.123
1253 -95.043 45.122
1254 -93.306 45.122
1255 -93.237 45.12
1256 -95.065 45.12
1257 -93.049 45.12
1258 -94.498 45.12
1259 -93.188 45.119
1260 -92.983 45.119
1261 -92.984 45.119
1262 -92.985 45.119
1263 -92.987 45.116
1264 -93.193 45.116
1265 -93.188 45.116
1266 -93.188 45.111
1267 -95.014 45.11
1268 -95.104 45.11
1269 -95.247 45.109
1270 -95.907 45.109
1271 -95.717 45.108
1272 -95.594 45.108
1273 -94.523 45.103
1274 -92.99 45.103
1275 -93.0 45.103
1276 -93.452 45.098
1277 -95.98 45.098
1278 -92.995 45.097
1279 -92.984 45.097
1280 -95.104 45.096
1281 -93.636 45.095
1282 -93.645 45.094
1283 -93.543 45.093
1284 -93.006 45.093
1285 -93.187 45.092
1286 -95.037 45.092
1287 -95.042 45.092
1288 -93.448 45.092
1289 -95.042 45.09
1290 -93.435 45.09
1291 -95.047 45.09
1292 -95.062 45.089
1293 -95.104 45.089
1294 -93.187 45.089
1295 -93.523 45.087
1296 -93.184 45.087
1297 -93.717 45.087
1298 -93.734 45.086
1299 -93.402 45.085
1300 -93.186 45.085
1301 -93.732 45.085
1302 -92.924 45.085
1303 -93.052 45.085
1304 -93.405 45.084
1305 -93.447 45.083
1306 -93.401 45.082
1307 -94.323 45.081
1308 -93.398 45.081
1309 -94.256 45.081
1310 -94.311 45.081
1311 -96.062 45.08
1312 -94.19 45.08
1313 -93.717 45.08
1314 -93.401 45.079
1315 -92.863 45.079
1316 -93.176 45.079
1317 -93.045 45.079
1318 -93.052 45.079
1319 -92.804 45.079
1320 -92.806 45.077
1321 -92.812 45.077
1322 -92.96 45.075
1323 -93.052 45.073
1324 -93.286 45.071
1325 -93.446 45.071
1326 -93.304 45.07
1327 -93.185 45.07
1328 -93.294 45.07
1329 -93.247 45.07
1330 -93.288 45.07
1331 -93.286 45.07
1332 -93.299 45.069
1333 -93.283 45.069
1334 -93.282 45.069
1335 -93.451 45.069
1336 -93.25 45.068
1337 -93.247 45.068
1338 -93.285 45.067
1339 -93.244 45.067
1340 -93.186 45.067
1341 -93.181 45.067
1342 -93.447 45.067
1343 -93.19 45.067
1344 -93.645 45.066
1345 -93.625 45.066
1346 -93.635 45.066
1347 -93.543 45.065
1348 -93.227 45.065
1349 -93.869 45.065
1350 -93.911 45.065
1351 -93.186 45.064
1352 -93.301 45.064
1353 -93.602 45.064
1354 -93.449 45.063
1355 -94.068 45.061
1356 -94.073 45.061
1357 -92.846 45.059
1358 -92.924 45.058
1359 -93.635 45.057
1360 -92.863 45.057
1361 -92.945 45.057
1362 -92.801 45.057
1363 -92.806 45.056
1364 -93.574 45.054
1365 -93.563 45.052
1366 -93.635 45.051
1367 -93.641 45.051
1368 -93.717 45.05
1369 -93.542 45.046
1370 -93.061 45.042
1371 -92.795 45.041
1372 -93.092 45.038
1373 -92.919 45.038
1374 -93.062 45.038
1375 -93.055 45.037
1376 -93.068 45.037
1377 -92.808 45.036
1378 -92.948 45.036
1379 -92.863 45.036
1380 -92.919 45.035
1381 -93.082 45.035
1382 -92.847 45.035
1383 -93.767 45.035
1384 -92.984 45.034
1385 -92.79 45.034
1386 -93.089 45.032
1387 -92.965 45.032
1388 -92.958 45.031
1389 -93.727 45.03
1390 -92.961 45.03
1391 -93.089 45.029
1392 -92.965 45.029
1393 -92.96 45.028
1394 -93.72 45.027
1395 -92.959 45.026
1396 -92.807 45.025
1397 -92.984 45.02
1398 -92.797 45.019
1399 -92.797 45.018
1400 -92.807 45.016
1401 -93.456 45.015
1402 -93.187 45.014
1403 -93.089 45.013
1404 -93.461 45.012
1405 -95.247 45.012
1406 -93.457 45.011
1407 -93.089 45.011
1408 -93.085 45.011
1409 -93.678 45.011
1410 -96.062 45.01
1411 -93.182 45.01
1412 -93.186 45.01
1413 -93.192 45.01
1414 -93.093 45.01
1415 -96.196 45.01
1416 -93.665 45.01
1417 -93.452 45.009
1418 -96.196 45.009
1419 -93.204 45.008
1420 -93.089 45.008
1421 -92.861 45.007
1422 -96.452 45.007
1423 -93.457 45.006
1424 -93.207 45.006
1425 -93.666 45.004
1426 -92.778 44.997
1427 -93.62 44.994
1428 -93.666 44.993
1429 -93.646 44.993
1430 -93.727 44.99
1431 -93.732 44.988
1432 -93.349 44.985
1433 -93.283 44.984
1434 -93.287 44.984
1435 -93.4 44.983
1436 -93.27 44.983
1437 -94.502 44.98
1438 -93.766 44.979
1439 -94.368 44.979
1440 -94.053 44.979
1441 -93.888 44.978
1442 -93.767 44.978
1443 -93.672 44.978
1444 -93.287 44.977
1445 -95.716 44.977
1446 -93.4 44.975
1447 -93.284 44.975
1448 -93.287 44.975
1449 -93.46 44.974
1450 -93.397 44.974
1451 -93.4 44.973
1452 -93.403 44.973
1453 -93.293 44.973
1454 -93.34 44.972
1455 -93.4 44.972
1456 -94.053 44.972
1457 -94.012 44.972
1458 -93.877 44.971
1459 -93.46 44.971
1460 -93.464 44.971
1461 -93.287 44.971
1462 -93.456 44.971
1463 -93.252 44.971
1464 -93.338 44.97
1465 -93.341 44.97
1466 -93.345 44.97
1467 -93.342 44.968
1468 -93.46 44.968
1469 -93.274 44.967
1470 -93.252 44.966
1471 -93.852 44.966
1472 -93.247 44.966
1473 -93.265 44.966
1474 -93.265 44.966
1475 -93.269 44.965
1476 -93.972 44.964
1477 -92.862 44.964
1478 -92.772 44.964
1479 -93.202 44.964
1480 -92.797 44.963
1481 -93.269 44.963
1482 -94.053 44.963
1483 -93.845 44.962
1484 -92.759 44.962
1485 -93.248 44.962
1486 -92.769 44.962
1487 -92.771 44.962
1488 -92.774 44.962
1489 -93.202 44.96
1490 -92.771 44.96
1491 -93.207 44.96
1492 -93.09 44.96
1493 -93.839 44.959
1494 -93.198 44.959
1495 -95.747 44.956
1496 -93.091 44.955
1497 -93.08 44.954
1498 -92.863 44.953
1499 -93.082 44.953
1500 -93.041 44.952
1501 -93.046 44.952
1502 -93.035 44.952
1503 -93.096 44.952
1504 -92.958 44.952
1505 -95.717 44.952
1506 -93.097 44.952
1507 -93.081 44.951
1508 -93.099 44.951
1509 -93.106 44.951
1510 -93.04 44.95
1511 -93.747 44.949
1512 -95.697 44.949
1513 -95.373 44.949
1514 -92.87 44.949
1515 -92.863 44.949
1516 -92.855 44.949
1517 -92.891 44.949
1518 -92.959 44.949
1519 -92.954 44.949
1520 -95.472 44.949
1521 -92.963 44.949
1522 -93.101 44.949
1523 -92.984 44.949
1524 -93.766 44.949
1525 -93.079 44.948
1526 -93.04 44.947
1527 -92.959 44.946
1528 -92.863 44.945
1529 -94.502 44.945
1530 -93.348 44.943
1531 -94.502 44.943
1532 -94.501 44.943
1533 -95.728 44.939
1534 -93.688 44.939
1535 -95.727 44.937
1536 -93.666 44.937
1537 -94.696 44.936
1538 -96.452 44.936
1539 -96.196 44.936
1540 -96.063 44.936
1541 -94.758 44.936
1542 -95.044 44.935
1543 -95.798 44.935
1544 -95.248 44.935
1545 -93.396 44.934
1546 -95.733 44.933
1547 -95.737 44.932
1548 -92.965 44.93
1549 -93.452 44.928
1550 -95.708 44.927
1551 -92.969 44.926
1552 -93.447 44.925
1553 -92.964 44.925
1554 -93.451 44.925
1555 -93.701 44.924
1556 -93.455 44.924
1557 -92.972 44.923
1558 -93.451 44.922
1559 -92.863 44.92
1560 -92.892 44.92
1561 -93.065 44.92
1562 -93.747 44.917
1563 -93.144 44.913
1564 -93.747 44.912
1565 -93.141 44.912
1566 -92.984 44.912
1567 -93.143 44.911
1568 -94.368 44.909
1569 -93.142 44.908
1570 -95.464 44.906
1571 -94.052 44.906
1572 -94.012 44.906
1573 -93.87 44.906
1574 -93.819 44.906
1575 -93.767 44.905
1576 -93.762 44.905
1577 -93.971 44.905
1578 -93.138 44.904
1579 -95.685 44.904
1580 -92.783 44.903
1581 -93.748 44.902
1582 -93.198 44.898
1583 -93.749 44.897
1584 -94.369 44.897
1585 -93.247 44.896
1586 -94.344 44.896
1587 -93.444 44.895
1588 -93.275 44.894
1589 -94.406 44.893
1590 -94.7 44.892
1591 -95.802 44.892
1592 -95.037 44.892
1593 -93.608 44.891
1594 -93.591 44.891
1595 -93.586 44.891
1596 -93.443 44.891
1597 -93.185 44.891
1598 -92.863 44.891
1599 -93.662 44.891
1600 -92.892 44.891
1601 -93.439 44.891
1602 -92.903 44.891
1603 -95.463 44.891
1604 -95.483 44.891
1605 -93.0 44.891
1606 -93.006 44.891
1607 -93.751 44.891
1608 -93.399 44.891
1609 -93.27 44.891
1610 -93.275 44.89
1611 -93.299 44.89
1612 -93.295 44.89
1613 -93.29 44.89
1614 -93.279 44.89
1615 -94.369 44.89
1616 -93.35 44.89
1617 -95.483 44.889
1618 -93.002 44.889
1619 -92.999 44.888
1620 -92.991 44.888
1621 -93.179 44.888
1622 -93.443 44.888
1623 -93.409 44.887
1624 -93.003 44.887
1625 -93.296 44.886
1626 -93.134 44.886
1627 -93.888 44.886
1628 -94.051 44.885
1629 -93.006 44.885
1630 -93.971 44.884
1631 -93.138 44.884
1632 -93.143 44.884
1633 -93.016 44.883
1634 -93.166 44.883
1635 -94.01 44.882
1636 -93.003 44.882
1637 -93.141 44.88
1638 -94.01 44.88
1639 -94.009 44.878
1640 -93.06 44.878
1641 -93.888 44.877
1642 -93.971 44.877
1643 -93.064 44.875
1644 -93.06 44.875
1645 -93.056 44.875
1646 -92.903 44.873
1647 -93.06 44.872
1648 -94.375 44.871
1649 -94.345 44.871
1650 -92.941 44.87
1651 -94.343 44.869
1652 -93.432 44.868
1653 -94.34 44.867
1654 -93.145 44.866
1655 -93.204 44.865
1656 -93.429 44.865
1657 -93.247 44.865
1658 -93.298 44.864
1659 -93.435 44.864
1660 -93.145 44.863
1661 -93.139 44.863
1662 -93.209 44.863
1663 -93.424 44.862
1664 -93.204 44.862
1665 -93.52 44.862
1666 -93.425 44.862
1667 -93.247 44.862
1668 -93.244 44.862
1669 -93.25 44.862
1670 -93.217 44.862
1671 -93.198 44.862
1672 -93.15 44.862
1673 -93.302 44.862
1674 -93.35 44.862
1675 -93.298 44.862
1676 -93.395 44.862
1677 -93.294 44.862
1678 -93.818 44.862
1679 -93.15 44.861
1680 -93.247 44.86
1681 -93.687 44.86
1682 -93.39 44.859
1683 -93.395 44.859
1684 -93.4 44.859
1685 -93.298 44.859
1686 -93.145 44.859
1687 -93.354 44.859
1688 -93.662 44.859
1689 -93.35 44.859
1690 -93.144 44.859
1691 -93.345 44.858
1692 -92.903 44.858
1693 -92.918 44.858
1694 -93.394 44.857
1695 -93.66 44.852
1696 -93.788 44.851
1697 -92.903 44.85
1698 -92.883 44.848
1699 -92.863 44.848
1700 -92.797 44.848
1701 -93.68 44.847
1702 -93.439 44.846
1703 -93.655 44.846
1704 -93.124 44.846
1705 -93.781 44.845
1706 -93.788 44.843
1707 -93.059 44.833
1708 -93.231 44.827
1709 -93.059 44.825
1710 -93.06 44.825
1711 -93.691 44.818
1712 -93.521 44.816
1713 -93.538 44.812
1714 -93.678 44.811
1715 -93.399 44.808
1716 -93.653 44.808
1717 -95.57 44.807
1718 -95.545 44.806
1719 -95.544 44.806
1720 -96.195 44.805
1721 -93.644 44.805
1722 -93.53 44.804
1723 -95.483 44.804
1724 -95.546 44.803
1725 -93.892 44.802
1726 -93.29 44.8
1727 -93.399 44.799
1728 -93.526 44.799
1729 -93.387 44.798
1730 -95.483 44.797
1731 -95.463 44.796
1732 -93.4 44.794
1733 -93.197 44.794
1734 -93.403 44.793
1735 -96.452 44.792
1736 -95.808 44.791
1737 -96.195 44.791
1738 -93.41 44.791
1739 -93.242 44.79
1740 -93.208 44.79
1741 -93.221 44.79
1742 -93.201 44.79
1743 -95.624 44.79
1744 -93.604 44.789
1745 -93.405 44.788
1746 -93.409 44.786
1747 -93.207 44.785
1748 -93.413 44.784
1749 -93.218 44.783
1750 -93.407 44.782
1751 -93.417 44.782
1752 -93.213 44.781
1753 -93.475 44.78
1754 -93.378 44.779
1755 -93.217 44.779
1756 -95.026 44.778
1757 -93.288 44.778
1758 -92.863 44.778
1759 -93.329 44.778
1760 -92.864 44.778
1761 -93.505 44.777
1762 -93.565 44.776
1763 -93.541 44.776
1764 -93.643 44.776
1765 -94.995 44.776
1766 -93.684 44.776
1767 -93.283 44.776
1768 -93.221 44.776
1769 -93.464 44.775
1770 -93.541 44.775
1771 -93.288 44.775
1772 -93.93 44.775
1773 -93.293 44.775
1774 -93.217 44.774
1775 -93.035 44.774
1776 -93.06 44.774
1777 -92.863 44.774
1778 -93.93 44.772
1779 -93.933 44.772
1780 -93.288 44.772
1781 -93.98 44.768
1782 -94.101 44.768
1783 -94.01 44.768
1784 -93.434 44.767
1785 -94.151 44.766
1786 -93.578 44.766
1787 -93.033 44.766
1788 -93.781 44.765
1789 -92.856 44.765
1790 -93.404 44.765
1791 -93.403 44.762
1792 -93.217 44.761
1793 -93.541 44.761
1794 -93.521 44.761
1795 -93.505 44.761
1796 -93.399 44.761
1797 -93.38 44.761
1798 -92.853 44.757
1799 -93.44 44.754
1800 -93.408 44.753
1801 -93.505 44.753
1802 -92.818 44.751
1803 -93.284 44.749
1804 -92.804 44.749
1805 -93.271 44.748
1806 -93.44 44.747
1807 -93.363 44.747
1808 -93.501 44.747
1809 -93.409 44.747
1810 -93.286 44.747
1811 -92.852 44.746
1812 -93.48 44.746
1813 -93.379 44.746
1814 -93.328 44.746
1815 -93.283 44.746
1816 -93.278 44.743
1817 -92.986 44.743
1818 -93.273 44.742
1819 -93.282 44.74
1820 -94.211 44.74
1821 -94.715 44.739
1822 -93.055 44.739
1823 -93.035 44.739
1824 -92.894 44.738
1825 -92.853 44.735
1826 -93.542 44.732
1827 -93.589 44.732
1828 -93.52 44.732
1829 -93.497 44.732
1830 -93.118 44.732
1831 -93.217 44.732
1832 -93.909 44.732
1833 -93.283 44.732
1834 -93.98 44.731
1835 -93.491 44.729
1836 -92.852 44.725
1837 -93.372 44.725
1838 -94.371 44.725
1839 -94.498 44.722
1840 -92.849 44.721
1841 -96.451 44.718
1842 -94.232 44.718
1843 -93.684 44.718
1844 -93.981 44.717
1845 -93.035 44.717
1846 -93.788 44.717
1847 -92.886 44.717
1848 -92.883 44.717
1849 -93.338 44.717
1850 -93.422 44.713
1851 -96.275 44.709
1852 -92.853 44.709
1853 -96.276 44.709
1854 -92.836 44.708
1855 -93.433 44.706
1856 -93.434 44.704
1857 -93.318 44.703
1858 -93.4 44.702
1859 -93.379 44.702
1860 -93.286 44.701
1861 -93.29 44.699
1862 -93.288 44.697
1863 -93.286 44.696
1864 -93.29 44.695
1865 -93.379 44.694
1866 -93.642 44.693
1867 -93.501 44.689
1868 -93.503 44.689
1869 -95.625 44.688
1870 -95.617 44.688
1871 -93.501 44.688
1872 -93.293 44.685
1873 -93.531 44.681
1874 -93.552 44.681
1875 -93.318 44.681
1876 -93.298 44.681
1877 -93.293 44.681
1878 -93.293 44.677
1879 -93.625 44.674
1880 -92.926 44.673
1881 -93.789 44.673
1882 -92.732 44.673
1883 -93.639 44.671
1884 -93.626 44.667
1885 -93.005 44.659
1886 -92.771 44.658
1887 -93.675 44.657
1888 -93.117 44.656
1889 -93.253 44.656
1890 -93.217 44.656
1891 -92.768 44.656
1892 -93.295 44.649
1893 -93.789 44.648
1894 -93.319 44.645
1895 -93.301 44.645
1896 -93.296 44.645
1897 -93.292 44.645
1898 -93.768 44.645
1899 -93.217 44.643
1900 -93.297 44.641
1901 -93.137 44.64
1902 -93.767 44.64
1903 -93.766 44.638
1904 -93.728 44.634
1905 -93.379 44.634
1906 -93.766 44.634
1907 -96.157 44.631
1908 -96.276 44.631
1909 -93.611 44.631
1910 -95.808 44.631
1911 -93.218 44.631
1912 -93.563 44.631
1913 -93.259 44.631
1914 -93.134 44.631
1915 -93.136 44.631
1916 -93.674 44.631
1917 -93.44 44.63
1918 -94.376 44.63
1919 -93.502 44.63
1920 -95.655 44.63
1921 -93.293 44.63
1922 -93.298 44.63
1923 -92.772 44.63
1924 -93.137 44.624
1925 -93.764 44.623
1926 -93.75 44.622
1927 -92.995 44.616
1928 -93.765 44.615
1929 -93.768 44.614
1930 -93.002 44.61
1931 -96.093 44.604
1932 -92.994 44.601
1933 -92.993 44.601
1934 -92.857 44.601
1935 -92.792 44.601
1936 -92.772 44.601
1937 -92.694 44.601
1938 -92.702 44.601
1939 -92.672 44.593
1940 -93.675 44.589
1941 -93.665 44.586
1942 -93.298 44.578
1943 -93.302 44.574
1944 -93.298 44.574
1945 -93.379 44.573
1946 -93.44 44.573
1947 -93.278 44.573
1948 -93.505 44.573
1949 -96.451 44.573
1950 -93.557 44.572
1951 -93.584 44.572
1952 -93.294 44.572
1953 -92.534 44.57
1954 -93.285 44.569
1955 -93.298 44.569
1956 -92.637 44.569
1957 -92.531 44.568
1958 -92.534 44.567
1959 -92.532 44.566
1960 -92.526 44.561
1961 -92.492 44.559
1962 -94.197 44.558
1963 -94.223 44.553
1964 -94.22 44.553
1965 -94.994 44.547
1966 -94.996 44.546
1967 -93.202 44.544
1968 -93.207 44.544
1969 -93.666 44.544
1970 -93.441 44.544
1971 -93.3 44.544
1972 -93.283 44.544
1973 -93.281 44.544
1974 -93.445 44.544
1975 -93.302 44.544
1976 -93.769 44.544
1977 -93.702 44.544
1978 -93.593 44.544
1979 -93.591 44.544
1980 -93.704 44.544
1981 -93.585 44.544
1982 -93.582 44.544
1983 -93.137 44.544
1984 -93.501 44.544
1985 -93.568 44.543
1986 -92.891 44.543
1987 -93.058 44.543
1988 -92.996 44.543
1989 -94.375 44.543
1990 -93.849 44.543
1991 -92.655 44.543
1992 -93.88 44.543
1993 -94.375 44.543
1994 -92.942 44.543
1995 -95.375 44.542
1996 -95.367 44.542
1997 -95.36 44.542
1998 -95.421 44.542
1999 -95.418 44.542
2000 -95.118 44.541
2001 -95.119 44.535
2002 -93.901 44.53
2003 -94.624 44.529
2004 -94.71 44.529
2005 -93.907 44.528
2006 -92.523 44.528
2007 -92.922 44.517
2008 -93.013 44.516
2009 -92.906 44.507
2010 -92.918 44.507
2011 -92.907 44.486
2012 -93.009 44.486
2013 -93.146 44.481
2014 -93.904 44.481
2015 -93.922 44.476
2016 -93.292 44.476
2017 -95.796 44.472
2018 -93.287 44.472
2019 -93.282 44.472
2020 -93.292 44.472
2021 -93.039 44.472
2022 -93.296 44.472
2023 -93.251 44.471
2024 -93.25 44.471
2025 -93.009 44.471
2026 -93.18 44.471
2027 -93.224 44.471
2028 -93.156 44.471
2029 -93.13 44.471
2030 -93.292 44.468
2031 -93.14 44.468
2032 -95.756 44.463
2033 -96.262 44.46
2034 -95.807 44.459
2035 -96.425 44.459
2036 -93.161 44.458
2037 -95.554 44.458
2038 -95.594 44.458
2039 -94.374 44.457
2040 -94.201 44.457
2041 -94.388 44.457
2042 -93.936 44.457
2043 -93.189 44.457
2044 -94.718 44.456
2045 -93.164 44.455
2046 -93.172 44.455
2047 -92.275 44.454
2048 -95.797 44.453
2049 -95.745 44.451
2050 -95.756 44.451
2051 -92.267 44.449
2052 -95.789 44.447
2053 -96.079 44.445
2054 -95.826 44.443
2055 -95.816 44.443
2056 -96.452 44.442
2057 -95.774 44.437
2058 -94.717 44.434
2059 -93.19 44.432
2060 -95.786 44.431
2061 -95.816 44.429
2062 -95.77 44.429
2063 -94.19 44.413
2064 -95.127 44.413
2065 -94.925 44.412
2066 -95.127 44.406
2067 -92.032 44.386
2068 -93.524 44.385
2069 -93.605 44.384
2070 -94.866 44.373
2071 -92.04 44.371
2072 -92.799 44.365
2073 -93.979 44.35
2074 -93.951 44.349
2075 -94.725 44.341
2076 -93.311 44.334
2077 -93.293 44.334
2078 -94.511 44.326
2079 -93.955 44.326
2080 -94.44 44.325
2081 -94.454 44.325
2082 -93.953 44.325
2083 -93.295 44.323
2084 -94.439 44.323
2085 -93.272 44.323
2086 -93.302 44.323
2087 -93.299 44.32
2088 -94.466 44.319
2089 -93.297 44.318
2090 -93.304 44.318
2091 -93.965 44.314
2092 -95.958 44.313
2093 -93.968 44.312
2094 -93.989 44.312
2095 -93.291 44.31
2096 -93.959 44.307
2097 -92.0 44.3
2098 -93.984 44.299
2099 -92.79 44.298
2100 -94.725 44.297
2101 -93.309 44.295
2102 -93.29 44.294
2103 -93.305 44.293
2104 -92.684 44.292
2105 -93.308 44.292
2106 -93.242 44.291
2107 -93.312 44.29
2108 -93.308 44.287
2109 -92.422 44.283
2110 -92.67 44.282
2111 -92.669 44.281
2112 -92.98 44.279
2113 -92.981 44.278
2114 -94.19 44.276
2115 -94.2 44.275
2116 -94.432 44.274
2117 -93.04 44.273
2118 -92.985 44.272
2119 -94.19 44.271
2120 -93.296 44.271
2121 -92.551 44.27
2122 -96.452 44.269
2123 -92.651 44.267
2124 -94.432 44.266
2125 -96.288 44.266
2126 -96.285 44.262
2127 -94.371 44.25
2128 -96.079 44.245
2129 -95.957 44.24
2130 -96.047 44.24
2131 -95.755 44.24
2132 -95.593 44.239
2133 -93.959 44.239
2134 -95.128 44.239
2135 -95.108 44.239
2136 -93.525 44.218
2137 -93.558 44.213
2138 -96.078 44.212
2139 -93.768 44.206
2140 -93.972 44.201
2141 -94.194 44.2
2142 -94.022 44.2
2143 -96.308 44.198
2144 -94.02 44.198
2145 -93.652 44.197
2146 -92.924 44.197
2147 -94.02 44.197
2148 -96.09 44.197
2149 -95.957 44.197
2150 -92.785 44.196
2151 -93.525 44.196
2152 -95.749 44.196
2153 -93.255 44.196
2154 -93.643 44.196
2155 -93.652 44.196
2156 -93.522 44.196
2157 -93.589 44.196
2158 -95.121 44.195
2159 -92.602 44.195
2160 -92.422 44.194
2161 -91.869 44.193
2162 -94.194 44.193
2163 -94.016 44.192
2164 -94.014 44.191
2165 -94.009 44.191
2166 -93.982 44.189
2167 -94.01 44.184
2168 -94.06 44.183
2169 -94.053 44.181
2170 -93.949 44.175
2171 -93.995 44.175
2172 -94.005 44.17
2173 -92.549 44.169
2174 -94.004 44.169
2175 -94.003 44.168
2176 -93.972 44.167
2177 -93.949 44.167
2178 -93.946 44.167
2179 -93.891 44.167
2180 -94.016 44.166
2181 -94.001 44.166
2182 -92.419 44.166
2183 -92.319 44.166
2184 -94.017 44.165
2185 -92.165 44.165
2186 -94.02 44.16
2187 -93.828 44.155
2188 -94.063 44.152
2189 -94.078 44.149
2190 -93.964 44.148
2191 -93.954 44.146
2192 -94.085 44.145
2193 -94.118 44.144
2194 -93.768 44.138
2195 -93.959 44.135
2196 -93.959 44.123
2197 -94.021 44.123
2198 -93.707 44.116
2199 -94.718 44.109
2200 -94.642 44.109
2201 -94.419 44.109
2202 -92.244 44.107
2203 -93.245 44.105
2204 -93.507 44.099
2205 -93.245 44.099
2206 -93.245 44.095
2207 -93.25 44.095
2208 -93.24 44.095
2209 -93.266 44.095
2210 -92.512 44.095
2211 -93.244 44.091
2212 -93.244 44.089
2213 -93.406 44.087
2214 -93.246 44.084
2215 -93.241 44.084
2216 -93.228 44.084
2217 -93.209 44.082
2218 -93.536 44.082
2219 -93.248 44.08
2220 -93.474 44.08
2221 -93.478 44.08
2222 -92.508 44.079
2223 -93.507 44.078
2224 -93.191 44.078
2225 -93.484 44.077
2226 -94.369 44.075
2227 -95.746 44.073
2228 -92.448 44.07
2229 -93.252 44.07
2230 -91.717 44.066
2231 -93.195 44.066
2232 -94.418 44.066
2233 -93.251 44.063
2234 -91.637 44.063
2235 -92.498 44.062
2236 -93.124 44.06
2237 -93.226 44.059
2238 -92.454 44.059
2239 -93.245 44.059
2240 -93.189 44.059
2241 -93.251 44.059
2242 -93.196 44.059
2243 -93.497 44.058
2244 -94.399 44.055
2245 -91.689 44.054
2246 -93.25 44.054
2247 -92.899 44.052
2248 -93.045 44.052
2249 -94.59 44.051
2250 -94.639 44.051
2251 -95.12 44.05
2252 -94.859 44.05
2253 -91.701 44.044
2254 -92.518 44.037
2255 -95.462 44.036
2256 -92.859 44.033
2257 -92.859 44.032
2258 -92.559 44.032
2259 -92.488 44.031
2260 -92.468 44.03
2261 -92.463 44.03
2262 -91.622 44.03
2263 -92.678 44.028
2264 -92.468 44.028
2265 -92.463 44.028
2266 -91.6 44.026
2267 -91.64 44.023
2268 -92.748 44.023
2269 -92.419 44.012
2270 -92.394 44.012
2271 -92.379 44.01
2272 -92.482 44.007
2273 -96.453 44.007
2274 -92.463 44.007
2275 -92.509 44.004
2276 -96.307 44.003
2277 -96.307 44.002
2278 -92.249 43.999
2279 -93.768 43.999
2280 -95.944 43.999
2281 -92.497 43.999
2282 -96.3 43.994
2283 -96.307 43.994
2284 -96.312 43.994
2285 -96.064 43.994
2286 -95.952 43.994
2287 -95.945 43.993
2288 -95.751 43.993
2289 -94.629 43.983
2290 -94.628 43.982
2291 -94.429 43.98
2292 -94.429 43.978
2293 -92.462 43.977
2294 -92.453 43.975
2295 -92.079 43.971
2296 -94.619 43.968
2297 -94.665 43.961
2298 -91.686 43.96
2299 -91.686 43.959
2300 -92.239 43.959
2301 -91.68 43.957
2302 -91.686 43.957
2303 -91.692 43.955
2304 -92.245 43.955
2305 -92.233 43.955
2306 -92.239 43.955
2307 -92.362 43.953
2308 -92.352 43.953
2309 -92.079 43.952
2310 -92.239 43.952
2311 -92.358 43.951
2312 -92.364 43.949
2313 -92.354 43.948
2314 -94.859 43.948
2315 -91.74 43.943
2316 -91.733 43.941
2317 -91.746 43.941
2318 -91.74 43.941
2319 -91.74 43.937
2320 -93.698 43.929
2321 -93.947 43.928
2322 -91.363 43.918
2323 -92.488 43.917
2324 -92.477 43.917
2325 -91.601 43.916
2326 -91.368 43.916
2327 -91.602 43.916
2328 -91.597 43.915
2329 -91.591 43.914
2330 -91.363 43.914
2331 -91.596 43.912
2332 -91.359 43.911
2333 -92.48 43.91
2334 -93.915 43.899
2335 -92.238 43.899
2336 -92.859 43.892
2337 -92.678 43.892
2338 -93.486 43.892
2339 -92.487 43.892
2340 -94.173 43.892
2341 -93.697 43.891
2342 -93.768 43.891
2343 -93.728 43.891
2344 -94.369 43.891
2345 -94.429 43.891
2346 -92.488 43.888
2347 -94.168 43.888
2348 -92.482 43.887
2349 -92.488 43.885
2350 -92.494 43.883
2351 -92.488 43.882
2352 -93.056 43.878
2353 -93.407 43.877
2354 -95.113 43.876
2355 -93.277 43.874
2356 -95.592 43.872
2357 -93.052 43.87
2358 -93.045 43.87
2359 -93.281 43.87
2360 -93.277 43.87
2361 -93.272 43.87
2362 -93.277 43.866
2363 -95.115 43.862
2364 -95.463 43.862
2365 -91.309 43.86
2366 -91.3 43.858
2367 -91.306 43.858
2368 -91.302 43.858
2369 -93.045 43.856
2370 -92.489 43.856
2371 -91.303 43.855
2372 -95.115 43.855
2373 -92.111 43.854
2374 -92.192 43.851
2375 -96.4 43.85
2376 -92.192 43.85
2377 -96.453 43.85
2378 -96.408 43.849
2379 -95.942 43.849
2380 -95.937 43.849
2381 -92.869 43.849
2382 -92.86 43.849
2383 -96.242 43.849
2384 -93.038 43.848
2385 -93.285 43.848
2386 -93.483 43.848
2387 -95.102 43.848
2388 -94.696 43.848
2389 -93.728 43.848
2390 -95.12 43.848
2391 -93.835 43.848
2392 -94.163 43.848
2393 -95.593 43.848
2394 -94.428 43.848
2395 -92.172 43.847
2396 -92.105 43.847
2397 -92.191 43.847
2398 -91.298 43.847
2399 -91.636 43.847
2400 -91.752 43.847
2401 -92.187 43.844
2402 -91.299 43.836
2403 -92.489 43.834
2404 -92.553 43.834
2405 -95.175 43.83
2406 -91.304 43.825
2407 -91.273 43.818
2408 -91.305 43.809
2409 -91.753 43.808
2410 -91.753 43.806
2411 -91.753 43.798
2412 -91.73 43.793
2413 -91.303 43.792
2414 -91.551 43.763
2415 -91.569 43.763
2416 -91.345 43.763
2417 -94.165 43.76
2418 -93.727 43.749
2419 -92.695 43.713
2420 -95.453 43.711
2421 -92.479 43.711
2422 -92.477 43.711
2423 -92.449 43.711
2424 -92.7 43.71
2425 -92.694 43.71
2426 -92.705 43.707
2427 -92.99 43.706
2428 -93.648 43.703
2429 -92.99 43.7
2430 -92.979 43.696
2431 -93.413 43.691
2432 -93.422 43.69
2433 -92.389 43.69
2434 -92.387 43.69
2435 -93.363 43.689
2436 -93.32 43.689
2437 -93.359 43.688
2438 -93.418 43.688
2439 -93.354 43.687
2440 -92.094 43.685
2441 -93.414 43.685
2442 -93.359 43.685
2443 -93.328 43.685
2444 -93.423 43.685
2445 -93.321 43.684
2446 -92.993 43.683
2447 -92.979 43.683
2448 -94.448 43.683
2449 -93.314 43.682
2450 -92.993 43.681
2451 -94.448 43.681
2452 -92.988 43.681
2453 -92.984 43.681
2454 -92.974 43.681
2455 -92.979 43.68
2456 -92.998 43.68
2457 -94.444 43.679
2458 -94.441 43.679
2459 -93.322 43.679
2460 -94.447 43.679
2461 -94.45 43.679
2462 -92.979 43.678
2463 -92.993 43.678
2464 -94.447 43.675
2465 -93.323 43.675
2466 -92.869 43.674
2467 -92.947 43.674
2468 -92.939 43.674
2469 -92.93 43.674
2470 -92.935 43.674
2471 -94.427 43.674
2472 -92.948 43.672
2473 -92.939 43.672
2474 -94.417 43.672
2475 -92.864 43.671
2476 -92.874 43.671
2477 -92.869 43.671
2478 -93.016 43.67
2479 -93.576 43.669
2480 -93.323 43.669
2481 -92.869 43.668
2482 -94.734 43.668
2483 -93.399 43.668
2484 -93.327 43.667
2485 -93.323 43.667
2486 -93.015 43.667
2487 -93.02 43.667
2488 -93.583 43.666
2489 -92.98 43.666
2490 -92.973 43.666
2491 -93.577 43.666
2492 -92.993 43.666
2493 -92.99 43.666
2494 -94.247 43.666
2495 -93.648 43.666
2496 -93.571 43.666
2497 -94.727 43.666
2498 -92.979 43.666
2499 -92.962 43.665
2500 -94.733 43.665
2501 -94.098 43.664
2502 -93.023 43.664
2503 -93.203 43.664
2504 -94.739 43.664
2505 -93.321 43.664
2506 -93.578 43.663
2507 -92.035 43.663
2508 -93.728 43.662
2509 -94.731 43.661
2510 -93.197 43.661
2511 -93.029 43.66
2512 -94.089 43.66
2513 -94.097 43.66
2514 -94.105 43.66
2515 -93.189 43.66
2516 -93.049 43.66
2517 -93.203 43.66
2518 -93.329 43.66
2519 -93.721 43.66
2520 -93.325 43.66
2521 -94.512 43.659
2522 -93.648 43.659
2523 -93.319 43.659
2524 -93.332 43.659
2525 -93.578 43.659
2526 -93.316 43.659
2527 -93.728 43.658
2528 -93.734 43.656
2529 -94.095 43.656
2530 -93.321 43.654
2531 -94.854 43.653
2532 -94.727 43.652
2533 -94.247 43.652
2534 -94.447 43.652
2535 -94.407 43.652
2536 -93.36 43.651
2537 -92.95 43.651
2538 -95.594 43.649
2539 -93.369 43.648
2540 -95.55 43.648
2541 -93.411 43.648
2542 -93.391 43.647
2543 -95.933 43.647
2544 -94.774 43.646
2545 -94.854 43.646
2546 -94.957 43.645
2547 -94.958 43.645
2548 -94.994 43.645
2549 -95.555 43.644
2550 -95.933 43.644
2551 -94.09 43.644
2552 -95.928 43.644
2553 -95.938 43.644
2554 -94.994 43.643
2555 -95.174 43.643
2556 -91.498 43.642
2557 -96.213 43.642
2558 -94.989 43.641
2559 -95.561 43.64
2560 -95.594 43.64
2561 -94.995 43.64
2562 -96.213 43.639
2563 -96.22 43.639
2564 -96.206 43.639
2565 -95.001 43.639
2566 -95.181 43.639
2567 -95.174 43.639
2568 -95.167 43.639
2569 -95.564 43.638
2570 -95.454 43.638
2571 -95.598 43.638
2572 -95.594 43.638
2573 -95.589 43.638
2574 -95.623 43.638
2575 -96.053 43.638
2576 -94.09 43.638
2577 -95.573 43.637
2578 -95.562 43.637
2579 -95.565 43.637
2580 -94.995 43.636
2581 -96.213 43.636
2582 -95.594 43.635
2583 -95.174 43.635
2584 -95.57 43.635
2585 -93.394 43.633
2586 -95.58 43.631
2587 -93.328 43.628
2588 -93.331 43.625
2589 -95.579 43.62
2590 -93.337 43.617
2591 -95.174 43.617
2592 -95.562 43.616
2593 -95.454 43.616
2594 -93.345 43.615
2595 -94.994 43.615
2596 -93.344 43.613
2597 -93.342 43.612
2598 -96.432 43.611
2599 -93.337 43.609
2600 -96.453 43.609
2601 -96.436 43.609
2602 -96.428 43.609
2603 -96.432 43.609
2604 -96.384 43.609
2605 -96.376 43.609
2606 -96.37 43.609
2607 -93.345 43.608
2608 -96.382 43.606
2609 -95.618 43.603
2610 -91.512 43.602
2611 -94.447 43.601
2612 -96.453 43.589
2613 -95.654 43.561
2614 -92.01 43.557
2615 -92.37 43.544
2616 -92.01 43.544
2617 -95.174 43.53
2618 -91.73 43.527
2619 -91.77 43.524
2620 -91.87 43.515
2621 -92.369 43.508
2622 -92.449 43.508
2623 -95.176 43.501
2624 -91.285 43.501
2625 -95.181 43.501
2626 -94.786 43.501
2627 -95.115 43.501
2628 -94.447 43.501
2629 -91.465 43.501
2630 -92.009 43.501
2631 -91.871 43.501
2632 -94.994 43.501
2633 -92.369 43.5
2634 -96.209 43.5
2635 -96.198 43.5
2636 -94.088 43.5
2637 -95.694 43.5
2638 -95.643 43.5
2639 -92.944 43.5
2640 -93.247 43.5
